0 1
0 2
0 5
0 6
0 7
0 8
0 9
0 10
11 12
11 13
11 14
11 15
11 16
11 17
11 18
11 19
11 20
11 21
22 23
22 24
22 25
22 26
22 27
22 28
22 29
22 30
22 31
22 32
55 56
55 57
55 58
55 59
55 60
55 61
55 62
55 63
55 64
55 65
109 110
109 111
109 112
109 113
109 114
109 115
109 116
109 117
109 118
109 119
109 120
109 121
109 122
109 123
109 124
164 165
164 166
164 167
164 168
164 169
164 171
164 173
164 174
164 175
187 188
187 189
187 190
187 191
187 192
187 193
187 194
195 196
195 197
195 198
195 199
195 200
195 201
195 202
195 203
195 204
195 205
195 206
282 283
282 284
282 285
282 286
282 287
282 288
282 289
282 290
282 291
292 293
292 294
292 295
292 296
292 297
292 298
292 299
292 300
301 302
301 303
301 304
301 305
301 306
301 307
301 308
362 363
362 364
362 365
362 366
362 367
362 368
362 369
362 370
362 371
362 372
362 373
362 374
362 375
394 395
394 396
394 397
394 398
394 399
394 400
458 459
458 460
458 461
458 462
458 463
458 464
458 465
458 466
458 467
472 473
472 474
472 475
472 476
472 477
472 478
472 479
472 480
472 481
472 482
472 483
500 501
500 502
500 503
500 504
500 505
500 506
500 507
500 508
599 601
599 602
599 603
599 604
599 605
599 606
599 607
599 608
599 609
599 610
599 611
599 612
599 613
599 614
599 615
599 616
599 617
660 661
660 662
660 663
660 664
660 665
660 666
660 667
660 668
660 669
660 670
660 671
679 681
679 682
679 683
679 684
679 685
679 686
679 687
679 688
699 700
699 701
699 702
699 703
699 704
699 705
699 706
699 707
699 708
699 709
699 710
699 711
699 712
699 713
699 714
715 716
715 717
715 718
715 719
715 720
715 721
715 722
715 723
724 725
724 726
724 727
724 728
724 729
724 730
724 731
724 732
724 733
760 761
760 762
760 763
760 764
760 765
760 766
767 768
767 769
767 770
767 771
767 772
767 773
767 774
789 790
789 791
789 793
789 794
789 795
789 797
789 798
789 799
789 800
789 801
789 802
789 803
789 804
789 805
789 806
789 807
789 808
789 809
789 810
789 811
789 812
837 838
837 839
837 840
837 841
837 842
837 843
837 844
837 845
837 846
837 847
837 848
837 849
837 850
837 851
837 852
837 853
837 854
906 907
906 908
906 909
906 910
906 911
906 912
906 913
906 914
948 949
948 950
948 951
948 952
948 953
948 954
948 955
956 957
956 958
956 959
956 960
956 961
956 962
956 963
956 964
956 965
956 966
956 967
978 979
978 980
978 981
978 982
978 983
978 984
978 985
986 987
986 988
986 989
986 990
986 991
986 992
986 993
986 994
986 995
986 997
986 998
986 1000
986 1001
986 1002
986 1003
986 1004
986 1005
986 1006
986 1007
986 1008
986 1009
986 1010
986 1011
986 1012
986 1013
986 1014
1023 1024
1023 1025
1023 1026
1023 1027
1023 1028
1023 1029
1023 1030
1023 1031
1023 1032
1023 1033
1023 1034
1023 1035
1112 1113
1112 1114
1112 1115
1112 1116
1112 1117
1112 1118
1112 1119
1112 1120
1112 1121
1112 1122
1142 1143
1142 1144
1142 1145
1142 1146
1142 1147
1142 1148
1142 1149
1159 1160
1159 1161
1159 1162
1159 1163
1159 1164
1159 1165
1159 1166
1159 1167
1159 1168
1159 1169
1159 1170
1184 1185
1184 1186
1184 1187
1184 1188
1184 1189
1184 1190
1191 1192
1191 1193
1191 1194
1191 1195
1191 1196
1191 1197
1191 1198
1191 1199
1191 1200
1191 1201
1191 1202
1191 1203
1191 1204
1235 1236
1235 1237
1235 1238
1235 1239
1235 1240
1235 1241
1235 1242
1252 1253
1252 1254
1252 1255
1252 1256
1252 1257
1252 1258
1252 1259
1252 1260
1252 1262
1252 1263
1252 1264
1252 1265
1252 1266
1252 1267
1252 1268
1252 1269
1252 1270
1252 1271
1252 1272
1252 1273
1252 1274
1252 1275
1252 1276
1294 1295
1294 1296
1294 1297
1294 1298
1294 1299
1294 1300
1294 1301
1294 1302
1294 1303
1294 1304
1294 1305
1294 1306
1294 1307
1294 1308
1294 1309
1294 1310
1294 1311
1395 1396
1395 1397
1395 1398
1395 1399
1395 1400
1395 1401
1395 1402
1395 1403
1395 1404
1395 1405
1395 1406
1395 1407
1395 1408
1433 1434
1433 1435
1433 1436
1433 1437
1433 1438
1433 1439
1433 1440
1433 1441
1487 1488
1487 1489
1487 1490
1487 1491
1487 1492
1487 1493
1487 1494
1487 1495
1487 1496
1497 1498
1497 1499
1497 1500
1497 1501
1497 1502
1497 1503
1497 1504
1522 1523
1522 1524
1522 1525
1522 1526
1522 1527
1522 1528
1522 1529
1522 1530
1522 1531
1522 1532
1522 1534
1522 1535
1522 1536
1522 1537
1522 1538
1539 1540
1539 1541
1539 1542
1539 1544
1539 1545
1539 1546
1539 1547
1539 1548
1539 1549
1577 1579
1577 1580
1607 1608
1607 1609
1607 1610
1607 1611
1607 1612
1607 1613
1668 1669
1668 1670
1668 1671
1668 1672
1668 1673
1668 1674
1668 1675
1668 1676
1668 1677
1668 1678
1679 1680
1679 1681
1679 1682
1679 1683
1679 1684
1679 1685
1686 1687
1686 1688
1686 1689
1686 1690
1686 1691
1686 1692
1686 1693
1686 1694
1686 1695
1686 1696
1686 1697
1686 1698
1686 1699
1686 1700
1730 1731
1730 1732
1730 1733
1730 1734
1730 1735
1730 1736
1730 1737
1730 1738
1730 1739
1730 1740
1730 1741
1730 1742
1743 1744
1743 1745
1743 1746
1743 1747
1743 1748
1743 1749
1792 1793
1792 1794
1792 1795
1792 1796
1792 1797
1792 1798
1792 1799
1800 1801
1800 1802
1800 1803
1800 1804
1800 1805
1800 1806
1800 1807
1800 1808
1800 1809
1800 1810
1861 1862
1861 1863
1861 1864
1861 1865
1861 1866
1861 1867
1861 1868
1861 1869
1861 1870
1936 1938
1936 1939
1936 1942
1936 1943
1936 1944
1936 1945
1936 1946
1936 1947
1936 1948
1936 1949
1950 1952
1950 1953
1950 1954
1950 1955
1950 1956
2004 2005
2004 2006
2004 2007
2004 2008
2004 2009
2004 2010
2004 2011
2004 2012
2004 2013
2004 2014
2004 2015
2004 2016
2058 2059
2058 2060
2058 2061
2058 2062
2058 2063
2058 2064
2058 2065
2058 2066
2058 2067
2058 2068
2058 2069
2058 2070
2086 2087
2086 2088
2086 2089
2086 2090
2086 2091
2086 2092
2086 2093
2086 2094
2086 2095
2086 2096
2140 2141
2140 2142
2140 2143
2140 2144
2140 2145
2140 2146
2140 2147
2140 2148
2140 2149
2140 2150
2151 2152
2151 2153
2151 2154
2151 2155
2151 2156
2151 2157
2151 2158
2151 2159
2151 2160
2151 2161
2151 2162
2151 2163
2151 2164
2151 2165
2151 2166
2220 2221
2220 2222
2220 2223
2220 2224
2220 2225
2220 2226
2220 2227
2220 2228
2220 2229
2220 2230
2220 2231
2220 2232
2220 2233
2220 2234
2220 2235
2220 2236
2220 2237
2238 2239
2238 2241
2238 2242
2238 2243
2238 2244
2238 2245
2238 2246
2238 2247
2238 2248
2238 2249
2238 2250
2238 2251
2252 2253
2252 2254
2252 2255
2252 2256
2252 2257
2252 2258
2252 2259
2268 2269
2268 2270
2268 2271
2268 2272
2268 2273
2268 2274
2268 2275
2268 2276
2277 2278
2277 2279
2277 2280
2277 2281
2277 2282
2277 2283
2277 2284
2277 2285
2277 2286
2277 2287
2292 2293
2292 2295
2292 2296
2292 2297
2292 2298
2368 2369
2368 2370
2368 2371
2368 2372
2368 2373
2368 2374
2368 2375
2368 2376
2368 2377
2368 2378
2368 2379
2368 2380
2381 2382
2381 2383
2381 2384
2381 2385
2381 2386
2381 2387
2381 2388
2381 2389
2381 2390
2381 2391
2392 2393
2392 2394
2392 2395
2392 2396
2392 2397
2392 2398
2392 2399
2392 2400
2392 2401
2392 2402
2392 2403
2392 2404
2414 2415
2414 2416
2414 2418
2414 2420
2421 2422
2421 2423
2421 2424
2421 2425
2421 2426
2421 2427
2421 2428
2429 2430
2429 2431
2429 2432
2429 2433
2429 2434
2429 2435
2429 2436
2452 2453
2452 2454
2452 2455
2452 2456
2452 2457
2452 2458
2452 2459
2452 2460
2452 2461
2477 2478
2477 2479
2477 2480
2477 2481
2477 2482
2477 2483
2477 2484
2592 2593
2592 2594
2592 2595
2592 2596
2592 2597
2592 2598
2592 2599
2609 2610
2609 2611
2609 2613
2609 2614
2609 2615
2609 2616
2609 2617
2609 2618
2609 2619
2609 2620
2609 2621
2609 2622
2609 2623
2609 2624
2609 2625
2609 2626
2609 2627
2609 2628
2609 2629
2609 2630
2609 2631
2609 2632
2609 2633
2609 2636
2609 2637
2609 2638
2609 2639
2609 2640
2609 2641
2609 2642
2609 2643
2609 2644
2609 2645
2609 2646
2609 2647
2609 2648
2609 2649
2609 2650
2609 2651
2609 2652
2609 2653
2609 2654
2609 2655
2687 2688
2687 2689
2687 2690
2687 2691
2687 2692
2687 2693
2687 2694
2687 2695
2707 2708
2707 2709
2707 2710
2707 2711
2707 2712
2707 2713
2707 2714
2707 2715
2707 2716
2707 2717
2761 2762
2761 2763
2761 2764
2761 2765
2761 2766
2761 2767
2795 2796
2795 2797
2795 2798
2795 2800
2795 2801
2795 2802
2803 2804
2803 2805
2803 2806
2818 2819
2818 2820
2818 2821
2818 2822
2818 2823
2818 2824
2818 2825
2818 2826
2818 2827
2818 2828
2818 2829
2818 2830
2818 2831
2818 2832
2818 2833
2818 2834
2818 2835
2818 2836
2818 2837
2818 2838
2818 2839
2818 2840
2818 2841
2818 2842
2818 2843
2818 2844
2818 2845
2818 2846
2818 2847
2848 2849
2848 2850
2848 2851
2848 2852
2848 2853
2848 2854
2848 2855
2848 2856
2848 2857
2848 2858
2898 2899
2898 2900
2898 2901
2898 2902
2898 2903
2898 2904
2905 2906
2905 2907
2905 2908
2905 2909
2905 2910
2905 2911
2905 2912
2905 2913
2941 2942
2941 2943
2941 2944
2941 2945
2941 2946
2941 2947
2941 2948
2949 2950
2949 2951
2949 2952
3005 3006
3005 3007
3005 3008
3005 3009
3005 3010
3005 3012
3005 3013
3005 3014
3005 3015
3005 3016
3005 3017
3005 3018
3005 3019
3005 3020
3005 3021
3005 3022
3005 3023
3005 3024
3060 3061
3060 3063
3060 3064
3060 3065
3060 3066
3060 3067
3060 3068
3060 3069
3060 3070
3141 3142
3141 3143
3141 3144
3141 3145
3141 3146
3141 3147
3213 3214
3213 3215
3213 3216
3213 3217
3213 3218
3213 3219
3213 3220
3213 3221
3213 3222
3213 3223
3213 3224
3225 3226
3225 3227
3225 3228
3225 3229
3225 3230
3225 3231
3225 3232
3233 3234
3233 3235
3233 3237
3233 3238
3233 3239
3233 3240
3233 3241
3233 3242
3233 3243
3233 3244
3233 3245
3253 3254
3253 3255
3253 3256
3253 3257
3253 3258
3253 3259
3253 3260
3253 3261
3253 3262
3263 3265
3263 3266
3263 3267
3263 3268
3263 3269
3263 3270
3263 3271
3263 3272
3263 3273
3287 3288
3287 3289
3287 3290
3287 3291
3287 3292
3287 3294
3287 3295
3287 3296
3287 3297
3287 3298
3299 3300
3299 3301
3299 3302
3299 3303
3299 3304
3299 3305
3299 3306
3299 3307
3299 3308
3429 3430
3429 3431
3429 3432
3429 3433
3429 3434
3429 3435
3429 3436
3489 3490
3489 3491
3489 3492
3489 3493
3489 3494
3489 3495
3489 3496
3489 3497
3489 3498
3489 3499
3489 3500
3489 3501
3489 3502
3489 3503
3489 3504
3489 3505
3489 3506
3489 3507
3489 3508
3489 3509
3600 3601
3600 3602
3600 3603
3600 3604
3600 3605
3600 3606
3600 3607
3600 3608
3600 3609
3600 3610
3600 3611
3600 3612
3600 3613
3600 3614
3638 3639
3638 3641
3638 3642
3638 3643
3638 3644
3638 3645
3638 3646
3638 3647
3657 3658
3657 3659
3657 3660
3657 3661
3657 3662
3657 3663
3722 3723
3722 3724
3722 3725
3722 3726
3722 3727
3722 3728
3729 3730
3729 3732
3729 3733
3729 3735
3729 3737
3729 3738
3729 3739
3729 3740
3729 3741
3729 3742
3729 3743
3729 3744
3760 3761
3760 3762
3760 3763
3760 3764
3760 3765
3760 3766
3760 3767
3760 3768
3790 3791
3790 3792
3790 3793
3790 3794
3790 3795
3790 3796
3790 3797
3790 3798
3790 3799
3790 3800
3881 3882
3881 3883
3881 3884
3881 3885
3881 3886
3881 3887
3881 3888
3881 3889
3881 3890
3881 3891
3881 3892
3881 3893
3881 3894
3913 3914
3913 3915
3913 3916
3913 3917
3913 3918
3913 3919
3913 3920
3913 3921
3913 3922
3913 3923
4005 4006
4005 4007
4005 4008
4005 4009
4005 4010
4005 4011
4005 4012
4013 4014
4013 4015
4013 4016
4036 4038
4036 4039
4036 4040
4036 4041
4036 4042
4036 4043
4044 4046
4044 4047
4044 4048
4044 4049
4044 4050
4044 4051
4044 4052
4044 4053
4044 4054
4044 4055
4044 4056
4069 4071
4069 4072
4069 4073
4069 4074
4069 4075
4069 4076
4069 4077
4069 4078
4069 4079
4069 4080
4069 4081
4089 4090
4089 4091
4089 4092
4089 4093
4089 4094
4089 4095
4089 4096
4089 4097
4089 4098
4089 4099
4089 4100
4089 4101
4089 4102
4089 4103
4089 4104
4089 4105
4089 4106
4089 4107
4089 4108
4089 4109
4089 4110
4089 4111
4089 4112
4089 4113
4089 4114
4115 4116
4115 4117
4115 4118
4115 4119
4115 4120
4115 4121
4115 4122
4115 4123
4124 4125
4124 4126
4124 4127
4124 4128
4124 4129
4124 4130
4124 4131
4124 4132
4124 4133
4124 4134
4124 4135
4124 4136
4124 4137
4124 4138
4124 4139
4124 4140
4161 4163
4161 4164
4161 4165
4161 4166
4161 4167
4161 4168
4161 4169
4161 4170
4161 4171
4161 4172
4161 4173
4161 4174
4198 4199
4198 4200
4198 4201
4198 4202
4198 4203
4198 4204
4198 4205
4198 4206
4198 4207
4279 4280
4279 4281
4279 4282
4279 4283
4279 4284
4279 4285
4279 4286
4279 4287
4366 4367
4366 4368
4366 4369
4366 4370
4366 4371
4366 4372
4366 4373
4366 4374
4366 4375
4366 4376
4366 4377
4366 4378
4366 4379
4366 4380
4366 4381
4427 4428
4427 4429
4427 4430
4427 4431
4427 4432
4427 4433
4427 4434
4427 4436
4427 4438
4439 4440
4439 4441
4439 4442
4439 4443
4439 4444
4439 4445
4439 4446
4439 4447
4457 4458
4457 4459
4457 4460
4457 4461
4457 4462
4457 4463
4457 4464
4457 4465
4457 4466
4467 4468
4467 4469
4467 4470
4497 4498
4497 4499
4497 4500
4497 4501
4497 4502
4497 4503
4497 4504
4497 4505
4497 4506
4497 4507
4497 4508
4497 4509
4497 4510
4497 4511
4497 4512
4497 4513
4497 4514
4497 4515
4497 4516
4497 4517
4497 4518
4497 4519
4497 4520
4497 4521
4497 4522
4497 4523
4524 4526
4524 4527
4524 4528
4524 4529
4524 4530
4524 4531
4524 4532
4524 4533
4524 4534
4535 4536
4535 4537
4535 4538
4535 4539
4535 4540
4535 4541
4535 4542
4535 4543
4535 4544
4535 4545
4535 4546
4535 4547
4535 4548
4535 4549
4535 4550
4560 4561
4560 4562
4560 4564
4560 4566
4560 4568
4560 4569
4560 4571
4560 4572
4560 4573
4622 4623
4622 4624
4622 4625
4622 4626
4622 4627
4622 4628
4622 4629
4630 4631
4630 4632
4630 4633
4630 4634
4630 4635
4630 4636
4630 4637
4755 4757
4755 4758
4759 4760
4759 4761
4759 4762
4818 4819
4818 4820
4818 4821
4818 4822
4818 4823
4818 4824
4818 4825
4818 4826
4827 4828
4827 4829
4827 4830
4827 4831
4827 4832
4827 4833
4827 4834
4827 4835
4827 4836
4827 4837
4827 4838
4827 4839
4827 4840
4827 4841
4827 4842
4847 4848
4847 4849
4847 4850
4847 4851
4847 4852
4847 4853
4847 4854
4855 4856
4855 4857
4855 4858
4855 4859
4855 4860
4855 4861
4855 4862
4855 4864
4855 4865
4855 4866
4855 4867
4855 4868
4855 4869
4855 4870
4855 4871
4855 4872
4855 4873
4855 4874
4855 4875
4902 4904
4902 4905
4902 4906
4902 4907
4902 4908
4902 4909
4902 4910
4920 4921
4920 4922
4920 4923
4920 4924
4920 4925
4920 4926
4920 4927
4920 4928
4920 4929
4920 4930
4920 4931
4920 4932
4933 4934
4933 4935
4933 4936
4933 4937
4933 4938
4933 4939
4933 4940
5029 5030
5029 5031
5029 5032
5029 5033
5029 5034
5029 5035
5029 5036
5029 5039
5029 5040
5029 5041
5029 5042
5043 5044
5043 5045
5043 5046
5043 5047
5043 5048
5043 5049
5043 5050
5095 5096
5095 5098
5095 5099
5095 5100
5095 5101
5095 5102
5095 5103
5095 5104
5095 5105
5095 5106
5095 5107
5095 5108
5095 5109
5095 5110
5095 5111
5095 5112
5095 5113
5095 5114
5130 5131
5130 5132
5130 5133
5130 5134
5130 5135
5130 5136
5130 5137
5130 5138
5130 5139
5130 5140
5130 5141
5130 5142
5130 5143
5130 5144
5130 5145
5130 5146
5130 5147
5130 5148
5130 5149
5150 5151
5150 5152
5150 5153
5150 5154
5150 5155
5150 5156
5157 5158
5157 5159
5157 5161
5157 5163
5157 5164
5157 5165
5157 5166
5157 5167
5157 5168
5186 5187
5186 5188
5186 5189
5186 5190
5186 5191
5186 5192
5186 5193
5186 5194
5186 5195
5186 5196
5186 5197
5186 5198
5186 5199
5186 5200
5186 5201
5186 5202
5186 5203
5204 5205
5204 5208
5204 5209
5204 5210
5204 5211
5204 5212
5213 5214
5213 5215
5213 5216
5213 5217
5213 5218
5213 5219
5213 5220
5213 5221
5213 5222
5223 5224
5223 5225
5223 5226
5223 5227
5223 5228
5223 5229
5223 5230
5223 5231
5273 5274
5273 5275
5273 5276
5273 5277
5273 5278
5273 5279
5273 5280
5273 5281
5273 5282
5273 5283
5273 5284
5339 5340
5339 5341
5339 5342
5339 5343
5339 5344
5339 5345
5339 5346
5339 5348
5339 5349
5339 5350
5339 5351
5339 5352
5339 5353
5362 5363
5362 5364
5362 5365
5362 5366
5362 5367
5362 5368
5362 5370
5362 5371
5362 5372
5362 5373
5362 5374
5362 5375
5432 5433
5432 5434
5432 5435
5432 5436
5432 5437
5432 5438
5432 5439
5432 5440
5432 5441
5432 5442
5453 5454
5453 5455
5453 5456
5453 5457
5453 5458
5453 5459
5453 5460
5453 5461
5453 5462
5453 5463
5453 5464
5512 5513
5512 5514
5512 5515
5512 5516
5512 5517
5512 5518
5530 5531
5530 5532
5530 5533
5530 5534
5530 5535
5530 5536
5530 5537
5530 5538
5530 5539
5530 5540
5530 5541
5530 5542
5530 5543
5530 5544
5530 5545
5530 5546
5530 5547
5530 5548
5530 5549
5530 5550
5530 5551
5530 5552
5530 5553
5530 5554
5530 5555
5530 5556
5530 5557
5530 5558
5530 5559
5530 5560
5530 5561
5530 5562
5530 5563
5530 5564
5530 5565
5530 5566
5530 5567
5530 5568
5530 5569
5530 5570
5530 5571
5530 5572
5530 5573
5530 5574
5530 5575
5530 5576
5530 5577
5530 5578
5530 5579
5530 5580
5530 5581
5530 5582
5530 5583
5530 5584
5530 5585
5530 5586
5530 5587
5530 5588
5530 5589
5530 5590
5530 5591
5592 5593
5592 5594
5592 5595
5592 5597
5592 5598
5592 5599
5592 5600
5592 5601
5592 5602
5592 5603
5631 5632
5631 5633
5631 5634
5631 5635
5631 5636
5631 5637
5631 5638
5631 5639
5631 5640
5658 5659
5658 5660
5658 5661
5658 5662
5658 5663
5658 5664
5658 5665
5658 5666
5658 5667
5658 5668
5658 5669
5658 5670
5658 5671
5658 5672
5711 5712
5711 5713
5711 5714
5711 5715
5711 5716
5711 5717
5711 5718
5711 5719
5711 5720
5794 5795
5794 5796
5794 5797
5794 5798
5794 5799
5794 5800
5794 5801
5794 5802
5794 5803
5794 5804
5805 5806
5805 5808
5805 5809
5805 5810
5805 5811
5822 5823
5822 5824
5822 5825
5822 5826
5822 5827
5822 5828
5822 5829
5822 5830
5822 5831
5822 5832
5822 5833
5822 5834
