11 12
11 13
11 14
11 15
11 16
11 17
11 18
11 19
11 20
11 21
33 34
33 36
33 37
33 38
33 39
33 40
33 41
33 42
43 44
43 45
43 46
43 47
43 48
43 49
43 50
43 51
43 52
43 53
43 54
55 56
55 57
55 58
55 59
55 60
55 61
55 62
55 63
55 64
55 65
77 78
77 79
77 80
77 81
77 82
77 83
77 84
77 85
77 86
77 87
77 88
77 89
77 90
146 147
146 148
146 149
146 150
146 151
146 152
146 153
146 154
146 155
146 156
146 157
146 158
146 159
146 160
146 161
146 162
146 163
187 188
187 189
187 190
187 191
187 192
187 193
187 194
226 228
226 230
226 231
226 232
226 233
226 234
226 235
226 236
247 248
247 249
247 250
247 251
247 252
247 253
247 254
273 274
273 275
273 276
273 277
273 278
273 279
273 280
273 281
331 332
331 333
331 334
331 335
331 336
331 337
331 338
331 339
331 340
331 341
401 402
401 403
401 404
401 405
401 406
401 407
401 408
401 409
423 424
423 425
423 426
423 427
423 428
423 430
423 431
423 432
423 433
423 434
423 435
423 436
423 437
423 438
423 439
423 440
423 441
442 443
442 444
442 445
442 446
442 447
442 448
442 449
442 450
520 521
520 522
520 523
520 524
520 525
520 526
520 527
520 528
567 568
567 569
567 570
567 571
567 572
567 573
567 574
567 575
567 576
577 578
577 579
577 580
577 581
577 582
577 583
577 584
577 585
577 586
577 587
588 589
588 590
588 591
588 592
588 593
588 594
588 595
588 596
588 597
588 598
618 619
618 620
618 622
618 623
618 624
618 625
618 626
618 627
618 628
618 629
618 630
618 631
618 632
618 633
618 634
618 635
618 636
618 637
618 638
618 639
618 640
618 641
618 642
618 643
618 644
618 645
618 646
618 647
618 648
618 649
618 650
618 651
618 652
618 653
618 654
618 655
618 656
618 657
618 658
618 659
679 681
679 682
679 683
679 684
679 685
679 686
679 687
679 688
813 814
813 815
813 816
813 817
813 818
813 819
813 820
855 856
855 857
855 858
855 859
855 860
855 861
855 862
872 873
872 874
872 875
872 876
872 877
872 878
888 889
888 890
888 891
888 892
888 893
888 894
915 916
915 917
915 918
915 919
915 920
915 921
915 922
956 957
956 958
956 959
956 960
956 961
956 962
956 963
956 964
956 965
956 966
956 967
1023 1024
1023 1025
1023 1026
1023 1027
1023 1028
1023 1029
1023 1030
1023 1031
1023 1032
1023 1033
1023 1034
1023 1035
1069 1070
1069 1071
1069 1072
1069 1073
1069 1074
1069 1075
1069 1076
1069 1077
1069 1078
1069 1079
1069 1080
1069 1081
1069 1082
1085 1086
1085 1087
1085 1088
1085 1089
1085 1090
1085 1091
1085 1092
1085 1093
1085 1094
1085 1095
1085 1096
1085 1097
1085 1098
1085 1099
1085 1100
1085 1101
1085 1102
1085 1103
1085 1104
1085 1105
1085 1106
1085 1107
1085 1108
1085 1109
1085 1110
1085 1111
1123 1124
1123 1125
1123 1126
1123 1127
1123 1128
1123 1129
1123 1130
1123 1131
1123 1132
1133 1134
1133 1135
1133 1136
1133 1137
1133 1138
1133 1139
1133 1140
1133 1141
1159 1160
1159 1161
1159 1162
1159 1163
1159 1164
1159 1165
1159 1166
1159 1167
1159 1168
1159 1169
1159 1170
1184 1185
1184 1186
1184 1187
1184 1188
1184 1189
1184 1190
1205 1206
1205 1207
1205 1208
1205 1209
1205 1210
1205 1211
1205 1212
1213 1214
1213 1215
1213 1216
1213 1217
1213 1218
1213 1219
1213 1220
1213 1221
1213 1222
1235 1236
1235 1237
1235 1238
1235 1239
1235 1240
1235 1241
1235 1242
1252 1253
1252 1254
1252 1255
1252 1256
1252 1257
1252 1258
1252 1259
1252 1260
1252 1262
1252 1263
1252 1264
1252 1265
1252 1266
1252 1267
1252 1268
1252 1269
1252 1270
1252 1271
1252 1272
1252 1273
1252 1274
1252 1275
1252 1276
1312 1313
1312 1314
1312 1315
1312 1316
1312 1317
1312 1318
1312 1319
1312 1320
1312 1321
1312 1322
1312 1323
1312 1324
1387 1388
1387 1389
1387 1390
1387 1391
1387 1392
1387 1393
1387 1394
1395 1396
1395 1397
1395 1398
1395 1399
1395 1400
1395 1401
1395 1402
1395 1403
1395 1404
1395 1405
1395 1406
1395 1407
1395 1408
1442 1443
1442 1444
1442 1445
1442 1446
1442 1447
1442 1448
1442 1449
1442 1450
1442 1451
1442 1452
1442 1453
1487 1488
1487 1489
1487 1490
1487 1491
1487 1492
1487 1493
1487 1494
1487 1495
1487 1496
1505 1506
1505 1507
1505 1508
1505 1509
1505 1510
1505 1511
1505 1512
1505 1513
1505 1514
1505 1515
1505 1516
1505 1517
1505 1518
1505 1519
1505 1520
1505 1521
1600 1601
1600 1602
1600 1603
1600 1604
1600 1605
1600 1606
1640 1641
1640 1642
1640 1643
1640 1644
1640 1645
1640 1646
1640 1647
1668 1669
1668 1670
1668 1671
1668 1672
1668 1673
1668 1674
1668 1675
1668 1676
1668 1677
1668 1678
1711 1712
1711 1713
1711 1714
1711 1715
1711 1716
1711 1717
1711 1718
1711 1719
1711 1720
1721 1722
1721 1723
1721 1724
1721 1725
1721 1726
1721 1727
1721 1728
1721 1729
1750 1751
1750 1752
1750 1753
1750 1754
1750 1755
1750 1756
1750 1757
1750 1758
1750 1760
1750 1761
1750 1762
1750 1763
1750 1764
1750 1765
1750 1766
1750 1767
1750 1768
1750 1769
1750 1770
1750 1771
1750 1772
1773 1774
1773 1775
1773 1776
1773 1777
1773 1778
1773 1779
1773 1780
1773 1781
1773 1782
1861 1862
1861 1863
1861 1864
1861 1865
1861 1866
1861 1867
1861 1868
1861 1869
1861 1870
1871 1872
1871 1873
1871 1874
1871 1875
1871 1876
1871 1877
1871 1878
1871 1879
1871 1880
1885 1886
1885 1887
1885 1888
1885 1889
1885 1890
1885 1891
1885 1892
1885 1893
1885 1894
1885 1895
1885 1896
1885 1897
1885 1898
1885 1899
1885 1900
1885 1901
1885 1902
1885 1903
1885 1904
1885 1905
1885 1906
1885 1907
1885 1908
1927 1928
1927 1929
1927 1930
1927 1931
1927 1933
1927 1935
1936 1938
1936 1939
1936 1942
1936 1943
1936 1944
1936 1945
1936 1946
1936 1947
1936 1948
1936 1949
1967 1968
1967 1969
1967 1970
1967 1972
1967 1973
1967 1974
1967 1975
1967 1976
1967 1977
1978 1979
1978 1980
1978 1981
1978 1982
1978 1983
1978 1984
1985 1986
1985 1987
1985 1988
1985 1989
1985 1990
1985 1991
1985 1992
1985 1993
1985 1994
1985 1995
2049 2050
2049 2051
2049 2052
2049 2053
2049 2054
2049 2055
2049 2056
2049 2057
2058 2059
2058 2060
2058 2061
2058 2062
2058 2063
2058 2064
2058 2065
2058 2066
2058 2067
2058 2068
2058 2069
2058 2070
2071 2073
2071 2074
2071 2075
2071 2076
2071 2077
2071 2078
2071 2079
2071 2080
2071 2081
2071 2082
2071 2083
2071 2084
2071 2085
2120 2122
2120 2123
2120 2124
2120 2125
2120 2126
2120 2127
2120 2128
2120 2129
2120 2130
2120 2131
2120 2132
2120 2133
2120 2134
2120 2135
2120 2136
2120 2137
2120 2138
2120 2139
2220 2221
2220 2222
2220 2223
2220 2224
2220 2225
2220 2226
2220 2227
2220 2228
2220 2229
2220 2230
2220 2231
2220 2232
2220 2233
2220 2234
2220 2235
2220 2236
2220 2237
2260 2261
2260 2262
2260 2263
2260 2264
2260 2265
2260 2266
2260 2267
2310 2311
2310 2312
2310 2313
2350 2351
2350 2352
2350 2353
2350 2354
2350 2355
2350 2356
2350 2357
2350 2358
2350 2359
2360 2361
2360 2362
2360 2363
2360 2364
2360 2365
2360 2366
2360 2367
2381 2382
2381 2383
2381 2384
2381 2385
2381 2386
2381 2387
2381 2388
2381 2389
2381 2390
2381 2391
2421 2422
2421 2423
2421 2424
2421 2425
2421 2426
2421 2427
2421 2428
2429 2430
2429 2431
2429 2432
2429 2433
2429 2434
2429 2435
2429 2436
2452 2453
2452 2454
2452 2455
2452 2456
2452 2457
2452 2458
2452 2459
2452 2460
2452 2461
2469 2470
2469 2471
2469 2472
2469 2473
2469 2474
2469 2475
2469 2476
2489 2490
2489 2492
2489 2493
2489 2494
2489 2495
2489 2496
2489 2497
2489 2498
2489 2499
2489 2500
2489 2501
2489 2502
2503 2504
2503 2505
2503 2506
2503 2507
2503 2508
2503 2509
2503 2511
2503 2512
2503 2513
2514 2515
2514 2516
2514 2517
2514 2518
2514 2519
2514 2520
2514 2521
2514 2522
2514 2523
2524 2525
2524 2526
2524 2527
2524 2528
2524 2529
2524 2530
2524 2531
2550 2551
2550 2552
2550 2553
2550 2554
2550 2555
2550 2556
2550 2557
2550 2558
2559 2560
2559 2561
2559 2562
2559 2563
2559 2564
2559 2565
2559 2566
2559 2567
2559 2568
2559 2569
2559 2570
2559 2571
2572 2573
2572 2574
2572 2575
2572 2576
2572 2577
2572 2578
2572 2579
2572 2580
2581 2582
2581 2583
2581 2584
2581 2585
2581 2586
2581 2587
2581 2588
2581 2589
2581 2590
2581 2591
2600 2602
2600 2603
2600 2605
2600 2606
2600 2607
2600 2608
2656 2657
2656 2658
2656 2659
2656 2661
2656 2662
2656 2663
2656 2664
2656 2665
2656 2666
2656 2667
2656 2668
2656 2669
2656 2670
2656 2671
2656 2672
2656 2673
2656 2674
2656 2675
2656 2676
2677 2678
2677 2679
2677 2680
2677 2681
2677 2682
2677 2683
2677 2684
2677 2685
2677 2686
2687 2688
2687 2689
2687 2690
2687 2691
2687 2692
2687 2693
2687 2694
2687 2695
2707 2708
2707 2709
2707 2710
2707 2711
2707 2712
2707 2713
2707 2714
2707 2715
2707 2716
2707 2717
2761 2762
2761 2763
2761 2764
2761 2765
2761 2766
2761 2767
2775 2776
2775 2777
2775 2778
2775 2780
2775 2781
2775 2782
2775 2783
2775 2784
2785 2786
2785 2787
2785 2788
2785 2789
2785 2790
2785 2791
2785 2792
2785 2793
2785 2794
2795 2796
2795 2797
2795 2798
2795 2800
2795 2801
2795 2802
2818 2819
2818 2820
2818 2821
2818 2822
2818 2823
2818 2824
2818 2825
2818 2826
2818 2827
2818 2828
2818 2829
2818 2830
2818 2831
2818 2832
2818 2833
2818 2834
2818 2835
2818 2836
2818 2837
2818 2838
2818 2839
2818 2840
2818 2841
2818 2842
2818 2843
2818 2844
2818 2845
2818 2846
2818 2847
2859 2860
2859 2861
2859 2862
2859 2863
2859 2864
2859 2865
2859 2866
2859 2867
2859 2868
2859 2869
2870 2871
2870 2872
2870 2873
2870 2874
2870 2875
2870 2876
2870 2877
2870 2878
2870 2879
2870 2880
2870 2881
2870 2882
2870 2883
2870 2884
2870 2885
2870 2886
2870 2887
2870 2888
2870 2889
2870 2890
2870 2891
2870 2892
2870 2893
2870 2894
2870 2895
2870 2896
2870 2897
2949 2950
2949 2951
2949 2952
3084 3085
3084 3086
3084 3087
3084 3088
3084 3089
3084 3090
3084 3091
3084 3092
3093 3094
3093 3095
3093 3096
3093 3097
3093 3098
3093 3099
3093 3100
3093 3101
3093 3102
3103 3104
3103 3105
3103 3106
3103 3107
3103 3108
3103 3109
3103 3110
3103 3111
3103 3112
3103 3113
3103 3114
3103 3115
3103 3116
3103 3117
3103 3118
3103 3119
3103 3120
3103 3121
3103 3122
3103 3123
3103 3124
3103 3125
3103 3126
3103 3127
3103 3128
3103 3129
3103 3130
3103 3131
3103 3132
3274 3275
3274 3279
3274 3281
3274 3282
3274 3283
3274 3284
3274 3285
3274 3286
3287 3288
3287 3289
3287 3290
3287 3291
3287 3292
3287 3294
3287 3295
3287 3296
3287 3297
3287 3298
3309 3310
3309 3311
3309 3312
3309 3313
3309 3314
3309 3315
3309 3316
3309 3317
3361 3363
3361 3364
3361 3365
3361 3366
3361 3367
3361 3368
3361 3369
3361 3370
3361 3371
3361 3372
3361 3373
3361 3374
3361 3375
3361 3376
3361 3377
3361 3378
3361 3379
3361 3380
3361 3381
3361 3382
3361 3383
3361 3384
3361 3385
3361 3386
3361 3387
3361 3388
3361 3389
3361 3390
3361 3391
3361 3392
3361 3393
3361 3394
3361 3395
3361 3396
3361 3397
3361 3398
3361 3399
3361 3400
3361 3402
3361 3403
3361 3404
3447 3448
3447 3449
3447 3450
3447 3451
3447 3452
3447 3453
3447 3454
3447 3455
3447 3457
3447 3458
3447 3459
3447 3460
3447 3461
3447 3462
3447 3463
3447 3464
3465 3466
3465 3467
3465 3468
3465 3469
3465 3470
3465 3471
3465 3472
3465 3473
3465 3474
3465 3475
3465 3476
3465 3477
3465 3478
3465 3479
3510 3511
3510 3512
3510 3513
3510 3514
3510 3515
3510 3516
3510 3517
3510 3518
3510 3519
3520 3521
3520 3522
3520 3523
3520 3524
3520 3525
3520 3526
3520 3527
3520 3528
3520 3529
3520 3530
3520 3531
3544 3545
3544 3546
3544 3547
3544 3548
3544 3549
3544 3550
3544 3551
3544 3552
3544 3553
3544 3554
3544 3555
3544 3556
3592 3593
3592 3594
3592 3595
3592 3596
3592 3597
3592 3598
3592 3599
3638 3639
3638 3641
3638 3642
3638 3643
3638 3644
3638 3645
3638 3646
3638 3647
3648 3649
3648 3650
3648 3652
3648 3653
3648 3654
3648 3655
3648 3656
3687 3688
3687 3689
3687 3690
3687 3691
3687 3692
3687 3693
3687 3694
3687 3695
3696 3697
3696 3698
3696 3699
3722 3723
3722 3724
3722 3725
3722 3726
3722 3727
3722 3728
3729 3730
3729 3732
3729 3733
3729 3735
3729 3737
3729 3738
3729 3739
3729 3740
3729 3741
3729 3742
3729 3743
3729 3744
3790 3791
3790 3792
3790 3793
3790 3794
3790 3795
3790 3796
3790 3797
3790 3798
3790 3799
3790 3800
3801 3802
3801 3803
3801 3804
3801 3805
3801 3806
3801 3807
3801 3808
3801 3809
3801 3810
3811 3812
3811 3813
3811 3814
3811 3815
3811 3816
3811 3817
3811 3818
3811 3819
3811 3820
3811 3821
3881 3882
3881 3883
3881 3884
3881 3885
3881 3886
3881 3887
3881 3888
3881 3889
3881 3890
3881 3891
3881 3892
3881 3893
3881 3894
3902 3903
3902 3904
3902 3905
3902 3906
3902 3907
3902 3908
3902 3909
3902 3910
3902 3911
3902 3912
3913 3914
3913 3915
3913 3916
3913 3917
3913 3918
3913 3919
3913 3920
3913 3921
3913 3922
3913 3923
4005 4006
4005 4007
4005 4008
4005 4009
4005 4010
4005 4011
4005 4012
4044 4046
4044 4047
4044 4048
4044 4049
4044 4050
4044 4051
4044 4052
4044 4053
4044 4054
4044 4055
4044 4056
4069 4071
4069 4072
4069 4073
4069 4074
4069 4075
4069 4076
4069 4077
4069 4078
4069 4079
4069 4080
4069 4081
4179 4180
4179 4181
4179 4183
4179 4184
4179 4185
4179 4186
4179 4187
4179 4188
4189 4190
4189 4191
4189 4192
4189 4193
4189 4194
4189 4195
4189 4196
4189 4197
4198 4199
4198 4200
4198 4201
4198 4202
4198 4203
4198 4204
4198 4205
4198 4206
4198 4207
4265 4266
4265 4268
4265 4269
4265 4270
4265 4271
4265 4272
4265 4273
4265 4274
4265 4275
4265 4276
4265 4277
4265 4278
4357 4358
4357 4359
4357 4360
4357 4361
4357 4362
4357 4363
4357 4364
4357 4365
4405 4406
4405 4407
4405 4408
4405 4409
4405 4410
4405 4411
4405 4412
4405 4413
4405 4414
4405 4415
4405 4416
4405 4417
4405 4418
4419 4420
4419 4421
4419 4422
4419 4423
4419 4424
4419 4425
4419 4426
4448 4449
4448 4450
4448 4451
4448 4452
4448 4453
4448 4454
4448 4455
4448 4456
4467 4468
4467 4469
4467 4470
4524 4526
4524 4527
4524 4528
4524 4529
4524 4530
4524 4531
4524 4532
4524 4533
4524 4534
4622 4623
4622 4624
4622 4625
4622 4626
4622 4627
4622 4628
4622 4629
4671 4672
4671 4673
4671 4674
4671 4675
4671 4677
4671 4678
4671 4679
4680 4681
4680 4682
4680 4683
4680 4684
4680 4685
4680 4686
4726 4728
4726 4730
4726 4731
4726 4732
4726 4733
4726 4734
4726 4735
4847 4848
4847 4849
4847 4850
4847 4851
4847 4852
4847 4853
4847 4854
4902 4904
4902 4905
4902 4906
4902 4907
4902 4908
4902 4909
4902 4910
4933 4934
4933 4935
4933 4936
4933 4937
4933 4938
4933 4939
4933 4940
4953 4954
4953 4955
4953 4956
4953 4957
4953 4958
4953 4959
4953 4960
4953 4961
4953 4962
4953 4963
4953 4964
5001 5002
5001 5003
5001 5004
5001 5005
5001 5006
5001 5007
5020 5022
5020 5023
5020 5024
5020 5025
5020 5026
5020 5027
5020 5028
5043 5044
5043 5045
5043 5046
5043 5047
5043 5048
5043 5049
5043 5050
5080 5081
5080 5082
5080 5083
5080 5084
5080 5085
5080 5086
5080 5087
5080 5088
5080 5089
5080 5090
5080 5091
5080 5092
5080 5093
5080 5094
5095 5096
5095 5098
5095 5099
5095 5100
5095 5101
5095 5102
5095 5103
5095 5104
5095 5105
5095 5106
5095 5107
5095 5108
5095 5109
5095 5110
5095 5111
5095 5112
5095 5113
5095 5114
5150 5151
5150 5152
5150 5153
5150 5154
5150 5155
5150 5156
5169 5170
5169 5171
5169 5172
5169 5173
5169 5174
5169 5175
5169 5176
5169 5177
5169 5178
5169 5179
5169 5180
5169 5181
5169 5182
5169 5183
5169 5184
5169 5185
5186 5187
5186 5188
5186 5189
5186 5190
5186 5191
5186 5192
5186 5193
5186 5194
5186 5195
5186 5196
5186 5197
5186 5198
5186 5199
5186 5200
5186 5201
5186 5202
5186 5203
5232 5233
5232 5234
5232 5235
5232 5236
5232 5237
5232 5238
5232 5239
5232 5240
5232 5241
5232 5242
5273 5274
5273 5275
5273 5276
5273 5277
5273 5278
5273 5279
5273 5280
5273 5281
5273 5282
5273 5283
5273 5284
5285 5286
5285 5287
5285 5288
5285 5289
5285 5290
5285 5291
5285 5292
5285 5293
5285 5294
5354 5355
5354 5356
5354 5357
5354 5358
5354 5359
5354 5360
5354 5361
5416 5418
5416 5419
5416 5420
5416 5421
5416 5422
5416 5423
5416 5424
5416 5425
5416 5426
5416 5427
5416 5428
5416 5429
5416 5430
5416 5431
5432 5433
5432 5434
5432 5435
5432 5436
5432 5437
5432 5438
5432 5439
5432 5440
5432 5441
5432 5442
5443 5444
5443 5447
5443 5448
5443 5449
5443 5450
5443 5451
5443 5452
5484 5485
5484 5486
5484 5487
5484 5488
5484 5489
5484 5490
5484 5491
5484 5492
5484 5493
5494 5495
5494 5496
5494 5497
5494 5498
5494 5499
5494 5500
5494 5501
5512 5513
5512 5514
5512 5515
5512 5516
5512 5517
5512 5518
5519 5520
5519 5521
5519 5522
5519 5523
5519 5524
5519 5525
5519 5526
5519 5527
5519 5528
5519 5529
5530 5531
5530 5532
5530 5533
5530 5534
5530 5535
5530 5536
5530 5537
5530 5538
5530 5539
5530 5540
5530 5541
5530 5542
5530 5543
5530 5544
5530 5545
5530 5546
5530 5547
5530 5548
5530 5549
5530 5550
5530 5551
5530 5552
5530 5553
5530 5554
5530 5555
5530 5556
5530 5557
5530 5558
5530 5559
5530 5560
5530 5561
5530 5562
5530 5563
5530 5564
5530 5565
5530 5566
5530 5567
5530 5568
5530 5569
5530 5570
5530 5571
5530 5572
5530 5573
5530 5574
5530 5575
5530 5576
5530 5577
5530 5578
5530 5579
5530 5580
5530 5581
5530 5582
5530 5583
5530 5584
5530 5585
5530 5586
5530 5587
5530 5588
5530 5589
5530 5590
5530 5591
5592 5593
5592 5594
5592 5595
5592 5597
5592 5598
5592 5599
5592 5600
5592 5601
5592 5602
5592 5603
5604 5605
5604 5606
5604 5607
5604 5608
5604 5609
5604 5610
5619 5621
5619 5622
5619 5623
5619 5624
5619 5625
5619 5626
5627 5628
5627 5629
5627 5630
5641 5642
5641 5643
5641 5644
5641 5645
5641 5646
5641 5647
5641 5648
5641 5649
5641 5650
5641 5651
5641 5652
5641 5653
5683 5684
5683 5685
5683 5686
5683 5687
5683 5688
5683 5689
5683 5690
5683 5691
5683 5692
5683 5693
5750 5751
5750 5752
5750 5753
5812 5813
5812 5815
5812 5816
5812 5817
5812 5818
5812 5819
5812 5820
5812 5821
