11 12
11 13
11 14
11 15
11 16
11 17
11 18
11 19
11 20
11 21
91 92
91 97
91 98
91 99
91 100
91 102
91 103
91 104
91 105
91 106
91 107
91 108
109 110
109 111
109 112
109 113
109 114
109 115
109 116
109 117
109 118
109 119
109 120
109 121
109 122
109 123
109 124
226 228
226 230
226 231
226 232
226 233
226 234
226 235
226 236
237 238
237 239
237 240
237 241
237 242
237 243
237 244
237 245
237 246
247 248
247 249
247 250
247 251
247 252
247 253
247 254
273 274
273 275
273 276
273 277
273 278
273 279
273 280
273 281
292 293
292 294
292 295
292 296
292 297
292 298
292 299
292 300
301 302
301 303
301 304
301 305
301 306
301 307
301 308
423 424
423 425
423 426
423 427
423 428
423 430
423 431
423 432
423 433
423 434
423 435
423 436
423 437
423 438
423 439
423 440
423 441
468 469
468 471
472 473
472 474
472 475
472 476
472 477
472 478
472 479
472 480
472 481
472 482
472 483
500 501
500 502
500 503
500 504
500 505
500 506
500 507
500 508
553 554
553 555
553 556
553 557
553 558
553 559
553 560
553 561
553 562
553 563
553 564
553 565
553 566
577 578
577 579
577 580
577 581
577 582
577 583
577 584
577 585
577 586
577 587
588 589
588 590
588 591
588 592
588 593
588 594
588 595
588 596
588 597
588 598
618 619
618 620
618 622
618 623
618 624
618 625
618 626
618 627
618 628
618 629
618 630
618 631
618 632
618 633
618 634
618 635
618 636
618 637
618 638
618 639
618 640
618 641
618 642
618 643
618 644
618 645
618 646
618 647
618 648
618 649
618 650
618 651
618 652
618 653
618 654
618 655
618 656
618 657
618 658
618 659
672 673
672 674
672 675
672 676
672 677
672 678
679 681
679 682
679 683
679 684
679 685
679 686
679 687
679 688
699 700
699 701
699 702
699 703
699 704
699 705
699 706
699 707
699 708
699 709
699 710
699 711
699 712
699 713
699 714
747 748
747 749
747 750
747 751
747 752
747 753
747 754
747 755
747 756
747 757
747 758
747 759
760 761
760 762
760 763
760 764
760 765
760 766
767 768
767 769
767 770
767 771
767 772
767 773
767 774
813 814
813 815
813 816
813 817
813 818
813 819
813 820
821 822
821 823
821 824
821 825
821 826
821 827
821 828
855 856
855 857
855 858
855 859
855 860
855 861
855 862
879 880
879 881
879 882
879 883
879 884
879 885
879 886
879 887
888 889
888 890
888 891
888 892
888 893
888 894
948 949
948 950
948 951
948 952
948 953
948 954
948 955
968 969
968 970
968 971
968 972
968 973
968 974
968 975
968 976
968 977
978 979
978 980
978 981
978 982
978 983
978 984
978 985
986 987
986 988
986 989
986 990
986 991
986 992
986 993
986 994
986 995
986 997
986 998
986 1000
986 1001
986 1002
986 1003
986 1004
986 1005
986 1006
986 1007
986 1008
986 1009
986 1010
986 1011
986 1012
986 1013
986 1014
1015 1016
1015 1017
1015 1018
1015 1019
1015 1020
1015 1021
1015 1022
1023 1024
1023 1025
1023 1026
1023 1027
1023 1028
1023 1029
1023 1030
1023 1031
1023 1032
1023 1033
1023 1034
1023 1035
1036 1037
1036 1038
1036 1039
1036 1040
1036 1041
1036 1042
1036 1043
1036 1044
1036 1045
1036 1046
1036 1047
1036 1048
1036 1049
1133 1134
1133 1135
1133 1136
1133 1137
1133 1138
1133 1139
1133 1140
1133 1141
1159 1160
1159 1161
1159 1162
1159 1163
1159 1164
1159 1165
1159 1166
1159 1167
1159 1168
1159 1169
1159 1170
1184 1185
1184 1186
1184 1187
1184 1188
1184 1189
1184 1190
1369 1370
1369 1371
1369 1372
1369 1373
1369 1374
1369 1375
1369 1376
1369 1377
1378 1379
1378 1380
1378 1381
1378 1382
1378 1383
1378 1384
1378 1385
1378 1386
1409 1410
1409 1411
1409 1412
1409 1413
1409 1414
1409 1415
1409 1416
1409 1417
1409 1418
1409 1419
1409 1420
1433 1434
1433 1435
1433 1436
1433 1437
1433 1438
1433 1439
1433 1440
1433 1441
1522 1523
1522 1524
1522 1525
1522 1526
1522 1527
1522 1528
1522 1529
1522 1530
1522 1531
1522 1532
1522 1534
1522 1535
1522 1536
1522 1537
1522 1538
1539 1540
1539 1541
1539 1542
1539 1544
1539 1545
1539 1546
1539 1547
1539 1548
1539 1549
1550 1552
1550 1553
1550 1554
1550 1555
1550 1556
1577 1579
1577 1580
1600 1601
1600 1602
1600 1603
1600 1604
1600 1605
1600 1606
1607 1608
1607 1609
1607 1610
1607 1611
1607 1612
1607 1613
1614 1616
1614 1618
1614 1619
1614 1620
1614 1621
1614 1622
1614 1623
1614 1624
1614 1625
1614 1626
1614 1627
1614 1628
1614 1629
1614 1630
1614 1631
1658 1659
1658 1660
1658 1661
1658 1662
1658 1663
1658 1664
1658 1665
1658 1666
1658 1667
1668 1669
1668 1670
1668 1671
1668 1672
1668 1673
1668 1674
1668 1675
1668 1676
1668 1677
1668 1678
1686 1687
1686 1688
1686 1689
1686 1690
1686 1691
1686 1692
1686 1693
1686 1694
1686 1695
1686 1696
1686 1697
1686 1698
1686 1699
1686 1700
1721 1722
1721 1723
1721 1724
1721 1725
1721 1726
1721 1727
1721 1728
1721 1729
1750 1751
1750 1752
1750 1753
1750 1754
1750 1755
1750 1756
1750 1757
1750 1758
1750 1760
1750 1761
1750 1762
1750 1763
1750 1764
1750 1765
1750 1766
1750 1767
1750 1768
1750 1769
1750 1770
1750 1771
1750 1772
1783 1784
1783 1785
1783 1786
1783 1787
1783 1788
1783 1789
1783 1790
1783 1791
1792 1793
1792 1794
1792 1795
1792 1796
1792 1797
1792 1798
1792 1799
1811 1812
1811 1813
1811 1814
1811 1815
1811 1816
1811 1817
1811 1818
1811 1819
1811 1820
1811 1821
1811 1822
1811 1823
1811 1825
1811 1827
1811 1828
1811 1829
1811 1830
1811 1831
1811 1832
1811 1833
1811 1834
1811 1835
1811 1836
1811 1837
1811 1838
1811 1839
1811 1840
1811 1841
1811 1842
1811 1843
1811 1844
1811 1845
1811 1846
1811 1847
1811 1848
1811 1849
1811 1850
1811 1851
1811 1852
1811 1853
1811 1854
1811 1855
1811 1856
1811 1857
1811 1858
1811 1859
1811 1860
1861 1862
1861 1863
1861 1864
1861 1865
1861 1866
1861 1867
1861 1868
1861 1869
1861 1870
1881 1882
1881 1883
1881 1884
1885 1886
1885 1887
1885 1888
1885 1889
1885 1890
1885 1891
1885 1892
1885 1893
1885 1894
1885 1895
1885 1896
1885 1897
1885 1898
1885 1899
1885 1900
1885 1901
1885 1902
1885 1903
1885 1904
1885 1905
1885 1906
1885 1907
1885 1908
1909 1910
1909 1911
1909 1912
1909 1913
1909 1914
1909 1915
1909 1916
1909 1917
1909 1918
1909 1919
1950 1952
1950 1953
1950 1954
1950 1955
1950 1956
1957 1958
1957 1959
1957 1960
1957 1961
1957 1964
1957 1965
1957 1966
1978 1979
1978 1980
1978 1981
1978 1982
1978 1983
1978 1984
2030 2031
2030 2032
2030 2033
2030 2034
2030 2035
2030 2036
2030 2037
2030 2038
2030 2039
2030 2041
2030 2042
2030 2043
2030 2044
2030 2045
2030 2046
2030 2047
2030 2048
2213 2214
2213 2215
2213 2216
2213 2217
2213 2218
2213 2219
2220 2221
2220 2222
2220 2223
2220 2224
2220 2225
2220 2226
2220 2227
2220 2228
2220 2229
2220 2230
2220 2231
2220 2232
2220 2233
2220 2234
2220 2235
2220 2236
2220 2237
2238 2239
2238 2241
2238 2242
2238 2243
2238 2244
2238 2245
2238 2246
2238 2247
2238 2248
2238 2249
2238 2250
2238 2251
2288 2290
2288 2291
2299 2300
2299 2301
2299 2302
2299 2303
2299 2304
2299 2305
2299 2306
2299 2307
2299 2308
2299 2309
2310 2311
2310 2312
2310 2313
2328 2329
2328 2330
2328 2331
2360 2361
2360 2362
2360 2363
2360 2364
2360 2365
2360 2366
2360 2367
2368 2369
2368 2370
2368 2371
2368 2372
2368 2373
2368 2374
2368 2375
2368 2376
2368 2377
2368 2378
2368 2379
2368 2380
2414 2415
2414 2416
2414 2418
2414 2420
2429 2430
2429 2431
2429 2432
2429 2433
2429 2434
2429 2435
2429 2436
2445 2447
2445 2448
2445 2449
2445 2450
2445 2451
2489 2490
2489 2492
2489 2493
2489 2494
2489 2495
2489 2496
2489 2497
2489 2498
2489 2499
2489 2500
2489 2501
2489 2502
2696 2697
2696 2698
2696 2699
2696 2700
2696 2701
2696 2702
2696 2703
2696 2704
2696 2705
2696 2706
2707 2708
2707 2709
2707 2710
2707 2711
2707 2712
2707 2713
2707 2714
2707 2715
2707 2716
2707 2717
2750 2751
2750 2752
2750 2753
2750 2754
2750 2755
2750 2756
2750 2757
2750 2758
2750 2759
2750 2760
2775 2776
2775 2777
2775 2778
2775 2780
2775 2781
2775 2782
2775 2783
2775 2784
2870 2871
2870 2872
2870 2873
2870 2874
2870 2875
2870 2876
2870 2877
2870 2878
2870 2879
2870 2880
2870 2881
2870 2882
2870 2883
2870 2884
2870 2885
2870 2886
2870 2887
2870 2888
2870 2889
2870 2890
2870 2891
2870 2892
2870 2893
2870 2894
2870 2895
2870 2896
2870 2897
2905 2906
2905 2907
2905 2908
2905 2909
2905 2910
2905 2911
2905 2912
2905 2913
2914 2915
2914 2916
2914 2917
2914 2918
2914 2919
2914 2920
2914 2921
2914 2922
2914 2923
2914 2924
2914 2925
2914 2926
2914 2927
2914 2928
2914 2929
2914 2930
2914 2931
2914 2932
2914 2933
2914 2934
2914 2935
2914 2936
2914 2937
2914 2938
2914 2939
2914 2940
3005 3006
3005 3007
3005 3008
3005 3009
3005 3010
3005 3012
3005 3013
3005 3014
3005 3015
3005 3016
3005 3017
3005 3018
3005 3019
3005 3020
3005 3021
3005 3022
3005 3023
3005 3024
3025 3026
3025 3027
3025 3028
3051 3052
3051 3053
3051 3054
3051 3055
3051 3057
3051 3058
3051 3059
3103 3104
3103 3105
3103 3106
3103 3107
3103 3108
3103 3109
3103 3110
3103 3111
3103 3112
3103 3113
3103 3114
3103 3115
3103 3116
3103 3117
3103 3118
3103 3119
3103 3120
3103 3121
3103 3122
3103 3123
3103 3124
3103 3125
3103 3126
3103 3127
3103 3128
3103 3129
3103 3130
3103 3131
3103 3132
3203 3204
3203 3205
3203 3206
3203 3207
3203 3208
3203 3209
3203 3210
3203 3211
3203 3212
3213 3214
3213 3215
3213 3216
3213 3217
3213 3218
3213 3219
3213 3220
3213 3221
3213 3222
3213 3223
3213 3224
3246 3247
3246 3248
3246 3249
3246 3250
3246 3251
3246 3252
3274 3275
3274 3279
3274 3281
3274 3282
3274 3283
3274 3284
3274 3285
3274 3286
3287 3288
3287 3289
3287 3290
3287 3291
3287 3292
3287 3294
3287 3295
3287 3296
3287 3297
3287 3298
3299 3300
3299 3301
3299 3302
3299 3303
3299 3304
3299 3305
3299 3306
3299 3307
3299 3308
3419 3420
3419 3422
3419 3423
3419 3424
3419 3425
3419 3426
3419 3427
3419 3428
3447 3448
3447 3449
3447 3450
3447 3451
3447 3452
3447 3453
3447 3454
3447 3455
3447 3457
3447 3458
3447 3459
3447 3460
3447 3461
3447 3462
3447 3463
3447 3464
3532 3533
3532 3534
3532 3535
3532 3536
3532 3537
3532 3538
3532 3539
3532 3540
3532 3541
3532 3542
3532 3543
3582 3583
3582 3585
3582 3586
3582 3587
3582 3588
3582 3589
3582 3590
3582 3591
3592 3593
3592 3594
3592 3595
3592 3596
3592 3597
3592 3598
3592 3599
3615 3616
3615 3617
3615 3618
3615 3619
3615 3620
3615 3621
3615 3622
3615 3623
3615 3624
3615 3625
3615 3626
3615 3627
3615 3628
3615 3629
3615 3630
3615 3631
3615 3632
3615 3633
3615 3634
3615 3635
3615 3636
3615 3637
3638 3639
3638 3641
3638 3642
3638 3643
3638 3644
3638 3645
3638 3646
3638 3647
3675 3676
3675 3677
3675 3678
3675 3679
3675 3680
3675 3681
3675 3682
3675 3683
3675 3684
3675 3685
3675 3686
3687 3688
3687 3689
3687 3690
3687 3691
3687 3692
3687 3693
3687 3694
3687 3695
3696 3697
3696 3698
3696 3699
3722 3723
3722 3724
3722 3725
3722 3726
3722 3727
3722 3728
3745 3746
3745 3747
3745 3748
3745 3749
3745 3750
3745 3751
3745 3752
3745 3753
3745 3754
3745 3755
3756 3757
3756 3758
3756 3759
3779 3780
3779 3782
3779 3783
3779 3784
3779 3786
3779 3787
3779 3788
3779 3789
3801 3802
3801 3803
3801 3804
3801 3805
3801 3806
3801 3807
3801 3808
3801 3809
3801 3810
3811 3812
3811 3813
3811 3814
3811 3815
3811 3816
3811 3817
3811 3818
3811 3819
3811 3820
3811 3821
3822 3823
3822 3824
3822 3825
3822 3826
3822 3827
3822 3828
3822 3829
3822 3830
3895 3896
3895 3897
3895 3898
3895 3899
3895 3900
3895 3901
3902 3903
3902 3904
3902 3905
3902 3906
3902 3907
3902 3908
3902 3909
3902 3910
3902 3911
3902 3912
3924 3925
3924 3926
3924 3927
3924 3928
3924 3929
3924 3930
3924 3931
3924 3932
3943 3944
3943 3945
3943 3946
3943 3947
3943 3948
3943 3949
3943 3950
3943 3951
3943 3952
3943 3953
3943 3954
3955 3956
3955 3957
3955 3958
3955 3959
3955 3960
3955 3962
3955 3963
3955 3964
3992 3993
3992 3994
3992 3995
3992 3996
3992 3997
3992 3998
3992 3999
3992 4000
3992 4001
3992 4002
3992 4003
3992 4004
4027 4028
4027 4029
4027 4030
4027 4031
4027 4032
4027 4033
4027 4034
4027 4035
4036 4038
4036 4039
4036 4040
4036 4041
4036 4042
4036 4043
4089 4090
4089 4091
4089 4092
4089 4093
4089 4094
4089 4095
4089 4096
4089 4097
4089 4098
4089 4099
4089 4100
4089 4101
4089 4102
4089 4103
4089 4104
4089 4105
4089 4106
4089 4107
4089 4108
4089 4109
4089 4110
4089 4111
4089 4112
4089 4113
4089 4114
4141 4142
4141 4143
4141 4144
4141 4145
4141 4146
4141 4147
4141 4148
4141 4149
4141 4150
4161 4163
4161 4164
4161 4165
4161 4166
4161 4167
4161 4168
4161 4169
4161 4170
4161 4171
4161 4172
4161 4173
4161 4174
4179 4180
4179 4181
4179 4183
4179 4184
4179 4185
4179 4186
4179 4187
4179 4188
4208 4209
4208 4210
4208 4211
4208 4212
4208 4213
4208 4214
4208 4215
4208 4216
4208 4217
4208 4218
4208 4219
4208 4220
4208 4221
4247 4248
4247 4249
4247 4250
4247 4251
4247 4252
4247 4253
4247 4254
4247 4255
4279 4280
4279 4281
4279 4282
4279 4283
4279 4284
4279 4285
4279 4286
4279 4287
4349 4350
4349 4352
4349 4353
4349 4354
4349 4355
4349 4356
4427 4428
4427 4429
4427 4430
4427 4431
4427 4432
4427 4433
4427 4434
4427 4436
4427 4438
4457 4458
4457 4459
4457 4460
4457 4461
4457 4462
4457 4463
4457 4464
4457 4465
4457 4466
4483 4484
4483 4485
4483 4486
4483 4487
4483 4488
4483 4489
4483 4490
4483 4491
4483 4492
4483 4493
4483 4494
4483 4495
4483 4496
4524 4526
4524 4527
4524 4528
4524 4529
4524 4530
4524 4531
4524 4532
4524 4533
4524 4534
4551 4552
4551 4554
4551 4556
4551 4557
4551 4558
4551 4559
4560 4561
4560 4562
4560 4564
4560 4566
4560 4568
4560 4569
4560 4571
4560 4572
4560 4573
4667 4668
4667 4669
4667 4670
4702 4703
4702 4704
4702 4705
4702 4706
4702 4707
4702 4708
4702 4709
4702 4710
4702 4711
4702 4712
4702 4713
4755 4757
4755 4758
4810 4811
4810 4812
4810 4813
4810 4814
4810 4815
4810 4816
4810 4817
4818 4819
4818 4820
4818 4821
4818 4822
4818 4823
4818 4824
4818 4825
4818 4826
4843 4844
4843 4845
4843 4846
4847 4848
4847 4849
4847 4850
4847 4851
4847 4852
4847 4853
4847 4854
4855 4856
4855 4857
4855 4858
4855 4859
4855 4860
4855 4861
4855 4862
4855 4864
4855 4865
4855 4866
4855 4867
4855 4868
4855 4869
4855 4870
4855 4871
4855 4872
4855 4873
4855 4874
4855 4875
4889 4890
4889 4891
4889 4892
4889 4894
4889 4895
4889 4896
4889 4899
4889 4900
4889 4901
4997 4998
4997 4999
4997 5000
5020 5022
5020 5023
5020 5024
5020 5025
5020 5026
5020 5027
5020 5028
5029 5030
5029 5031
5029 5032
5029 5033
5029 5034
5029 5035
5029 5036
5029 5039
5029 5040
5029 5041
5029 5042
5051 5052
5051 5053
5051 5054
5051 5055
5051 5056
5051 5057
5051 5058
5051 5059
5051 5060
5051 5061
5051 5062
5051 5063
5051 5064
5051 5065
5051 5066
5051 5067
5051 5068
5051 5069
5051 5070
5051 5071
5051 5072
5051 5073
5051 5074
5051 5075
5051 5076
5051 5077
5051 5078
5051 5079
5080 5081
5080 5082
5080 5083
5080 5084
5080 5085
5080 5086
5080 5087
5080 5088
5080 5089
5080 5090
5080 5091
5080 5092
5080 5093
5080 5094
5150 5151
5150 5152
5150 5153
5150 5154
5150 5155
5150 5156
5186 5187
5186 5188
5186 5189
5186 5190
5186 5191
5186 5192
5186 5193
5186 5194
5186 5195
5186 5196
5186 5197
5186 5198
5186 5199
5186 5200
5186 5201
5186 5202
5186 5203
5204 5205
5204 5208
5204 5209
5204 5210
5204 5211
5204 5212
5295 5296
5330 5331
5330 5332
5330 5333
5330 5334
5330 5335
5330 5336
5330 5337
5330 5338
5354 5355
5354 5356
5354 5357
5354 5358
5354 5359
5354 5360
5354 5361
5362 5363
5362 5364
5362 5365
5362 5366
5362 5367
5362 5368
5362 5370
5362 5371
5362 5372
5362 5373
5362 5374
5362 5375
5453 5454
5453 5455
5453 5456
5453 5457
5453 5458
5453 5459
5453 5460
5453 5461
5453 5462
5453 5463
5453 5464
5484 5485
5484 5486
5484 5487
5484 5488
5484 5489
5484 5490
5484 5491
5484 5492
5484 5493
5512 5513
5512 5514
5512 5515
5512 5516
5512 5517
5512 5518
5592 5593
5592 5594
5592 5595
5592 5597
5592 5598
5592 5599
5592 5600
5592 5601
5592 5602
5592 5603
5604 5605
5604 5606
5604 5607
5604 5608
5604 5609
5604 5610
5707 5709
5707 5710
5721 5722
5721 5723
5721 5724
5721 5725
5721 5726
5721 5727
5721 5728
5721 5729
5721 5732
5721 5733
5721 5734
5721 5735
5721 5736
5721 5737
5721 5738
5739 5740
5739 5741
5739 5742
5739 5743
5739 5744
5739 5745
5739 5746
5739 5747
5739 5748
5739 5749
5750 5751
5750 5752
5750 5753
5754 5756
5754 5757
5754 5759
5754 5761
5794 5795
5794 5796
5794 5797
5794 5798
5794 5799
5794 5800
5794 5801
5794 5802
5794 5803
5794 5804
5822 5823
5822 5824
5822 5825
5822 5826
5822 5827
5822 5828
5822 5829
5822 5830
5822 5831
5822 5832
5822 5833
5822 5834
