11 12
11 13
11 14
11 15
11 16
11 17
11 18
11 19
11 20
11 21
91 92
91 97
91 98
91 99
91 100
91 102
91 103
91 104
91 105
91 106
91 107
91 108
109 110
109 111
109 112
109 113
109 114
109 115
109 116
109 117
109 118
109 119
109 120
109 121
109 122
109 123
109 124
176 177
176 178
176 179
176 180
176 181
176 182
176 183
176 184
176 185
176 186
195 196
195 197
195 198
195 199
195 200
195 201
195 202
195 203
195 204
195 205
195 206
207 208
207 209
207 212
207 213
207 214
207 215
207 216
226 228
226 230
226 231
226 232
226 233
226 234
226 235
226 236
247 248
247 249
247 250
247 251
247 252
247 253
247 254
282 283
282 284
282 285
282 286
282 287
282 288
282 289
282 290
282 291
309 310
309 311
309 313
309 314
309 315
309 316
309 317
309 318
331 332
331 333
331 334
331 335
331 336
331 337
331 338
331 339
331 340
331 341
423 424
423 425
423 426
423 427
423 428
423 430
423 431
423 432
423 433
423 434
423 435
423 436
423 437
423 438
423 439
423 440
423 441
458 459
458 460
458 461
458 462
458 463
458 464
458 465
458 466
458 467
484 485
484 486
484 487
484 488
484 489
484 490
484 491
500 501
500 502
500 503
500 504
500 505
500 506
500 507
500 508
529 530
529 531
529 532
529 533
529 534
529 535
529 536
529 537
618 619
618 620
618 622
618 623
618 624
618 625
618 626
618 627
618 628
618 629
618 630
618 631
618 632
618 633
618 634
618 635
618 636
618 637
618 638
618 639
618 640
618 641
618 642
618 643
618 644
618 645
618 646
618 647
618 648
618 649
618 650
618 651
618 652
618 653
618 654
618 655
618 656
618 657
618 658
618 659
660 661
660 662
660 663
660 664
660 665
660 666
660 667
660 668
660 669
660 670
660 671
689 690
689 691
689 692
689 693
689 694
689 695
689 696
689 697
689 698
775 776
775 777
775 778
775 779
775 780
775 781
775 782
775 783
775 784
775 785
775 786
775 787
775 788
821 822
821 823
821 824
821 825
821 826
821 827
821 828
829 830
829 831
829 832
829 833
829 834
829 835
829 836
837 838
837 839
837 840
837 841
837 842
837 843
837 844
837 845
837 846
837 847
837 848
837 849
837 850
837 851
837 852
837 853
837 854
879 880
879 881
879 882
879 883
879 884
879 885
879 886
879 887
923 924
923 925
923 926
923 927
923 928
923 929
923 930
923 931
923 932
923 933
923 934
923 935
1036 1037
1036 1038
1036 1039
1036 1040
1036 1041
1036 1042
1036 1043
1036 1044
1036 1045
1036 1046
1036 1047
1036 1048
1036 1049
1050 1051
1050 1052
1050 1053
1050 1054
1050 1055
1050 1056
1050 1057
1050 1058
1050 1059
1050 1060
1050 1061
1050 1062
1050 1063
1050 1064
1050 1065
1050 1066
1050 1067
1050 1068
1083 1084
1159 1160
1159 1161
1159 1162
1159 1163
1159 1164
1159 1165
1159 1166
1159 1167
1159 1168
1159 1169
1159 1170
1191 1192
1191 1193
1191 1194
1191 1195
1191 1196
1191 1197
1191 1198
1191 1199
1191 1200
1191 1201
1191 1202
1191 1203
1191 1204
1205 1206
1205 1207
1205 1208
1205 1209
1205 1210
1205 1211
1205 1212
1294 1295
1294 1296
1294 1297
1294 1298
1294 1299
1294 1300
1294 1301
1294 1302
1294 1303
1294 1304
1294 1305
1294 1306
1294 1307
1294 1308
1294 1309
1294 1310
1294 1311
1325 1326
1325 1327
1325 1328
1325 1329
1325 1330
1325 1331
1325 1332
1325 1333
1325 1334
1325 1335
1325 1336
1325 1337
1325 1338
1325 1339
1325 1340
1325 1341
1325 1342
1325 1343
1325 1344
1325 1345
1325 1346
1325 1347
1325 1348
1325 1349
1325 1350
1325 1351
1325 1352
1325 1353
1325 1354
1325 1355
1325 1356
1325 1357
1325 1358
1325 1359
1325 1360
1325 1361
1325 1362
1325 1363
1325 1364
1325 1365
1325 1366
1325 1367
1325 1368
1395 1396
1395 1397
1395 1398
1395 1399
1395 1400
1395 1401
1395 1402
1395 1403
1395 1404
1395 1405
1395 1406
1395 1407
1395 1408
1421 1422
1421 1423
1421 1424
1421 1426
1421 1427
1421 1428
1421 1429
1421 1430
1421 1431
1421 1432
1454 1456
1454 1457
1454 1458
1454 1459
1454 1460
1454 1461
1454 1462
1478 1479
1478 1480
1478 1482
1478 1483
1478 1484
1478 1485
1478 1486
1505 1506
1505 1507
1505 1508
1505 1509
1505 1510
1505 1511
1505 1512
1505 1513
1505 1514
1505 1515
1505 1516
1505 1517
1505 1518
1505 1519
1505 1520
1505 1521
1567 1569
1567 1570
1567 1572
1567 1573
1567 1574
1567 1575
1567 1576
1607 1608
1607 1609
1607 1610
1607 1611
1607 1612
1607 1613
1640 1641
1640 1642
1640 1643
1640 1644
1640 1645
1640 1646
1640 1647
1668 1669
1668 1670
1668 1671
1668 1672
1668 1673
1668 1674
1668 1675
1668 1676
1668 1677
1668 1678
1686 1687
1686 1688
1686 1689
1686 1690
1686 1691
1686 1692
1686 1693
1686 1694
1686 1695
1686 1696
1686 1697
1686 1698
1686 1699
1686 1700
1721 1722
1721 1723
1721 1724
1721 1725
1721 1726
1721 1727
1721 1728
1721 1729
1743 1744
1743 1745
1743 1746
1743 1747
1743 1748
1743 1749
1881 1882
1881 1883
1881 1884
1885 1886
1885 1887
1885 1888
1885 1889
1885 1890
1885 1891
1885 1892
1885 1893
1885 1894
1885 1895
1885 1896
1885 1897
1885 1898
1885 1899
1885 1900
1885 1901
1885 1902
1885 1903
1885 1904
1885 1905
1885 1906
1885 1907
1885 1908
1909 1910
1909 1911
1909 1912
1909 1913
1909 1914
1909 1915
1909 1916
1909 1917
1909 1918
1909 1919
2030 2031
2030 2032
2030 2033
2030 2034
2030 2035
2030 2036
2030 2037
2030 2038
2030 2039
2030 2041
2030 2042
2030 2043
2030 2044
2030 2045
2030 2046
2030 2047
2030 2048
2058 2059
2058 2060
2058 2061
2058 2062
2058 2063
2058 2064
2058 2065
2058 2066
2058 2067
2058 2068
2058 2069
2058 2070
2086 2087
2086 2088
2086 2089
2086 2090
2086 2091
2086 2092
2086 2093
2086 2094
2086 2095
2086 2096
2140 2141
2140 2142
2140 2143
2140 2144
2140 2145
2140 2146
2140 2147
2140 2148
2140 2149
2140 2150
2167 2168
2167 2169
2167 2170
2167 2171
2167 2172
2167 2173
2167 2174
2167 2175
2167 2176
2167 2177
2167 2178
2167 2179
2167 2180
2167 2181
2167 2182
2167 2183
2167 2184
2167 2185
2167 2186
2167 2187
2167 2188
2167 2189
2167 2190
2167 2192
2167 2193
2167 2194
2167 2195
2167 2196
2167 2197
2167 2198
2167 2199
2167 2200
2213 2214
2213 2215
2213 2216
2213 2217
2213 2218
2213 2219
2260 2261
2260 2262
2260 2263
2260 2264
2260 2265
2260 2266
2260 2267
2268 2269
2268 2270
2268 2271
2268 2272
2268 2273
2268 2274
2268 2275
2268 2276
2332 2333
2332 2334
2332 2335
2332 2336
2332 2337
2332 2338
2332 2339
2332 2340
2360 2361
2360 2362
2360 2363
2360 2364
2360 2365
2360 2366
2360 2367
2381 2382
2381 2383
2381 2384
2381 2385
2381 2386
2381 2387
2381 2388
2381 2389
2381 2390
2381 2391
2414 2415
2414 2416
2414 2418
2414 2420
2452 2453
2452 2454
2452 2455
2452 2456
2452 2457
2452 2458
2452 2459
2452 2460
2452 2461
2462 2463
2462 2465
2462 2466
2462 2467
2462 2468
2489 2490
2489 2492
2489 2493
2489 2494
2489 2495
2489 2496
2489 2497
2489 2498
2489 2499
2489 2500
2489 2501
2489 2502
2524 2525
2524 2526
2524 2527
2524 2528
2524 2529
2524 2530
2524 2531
2532 2533
2532 2534
2532 2535
2532 2536
2532 2537
2532 2538
2539 2540
2539 2541
2539 2542
2539 2543
2539 2544
2539 2545
2539 2546
2539 2547
2539 2548
2539 2549
2559 2560
2559 2561
2559 2562
2559 2563
2559 2564
2559 2565
2559 2566
2559 2567
2559 2568
2559 2569
2559 2570
2559 2571
2581 2582
2581 2583
2581 2584
2581 2585
2581 2586
2581 2587
2581 2588
2581 2589
2581 2590
2581 2591
2592 2593
2592 2594
2592 2595
2592 2596
2592 2597
2592 2598
2592 2599
2609 2610
2609 2611
2609 2613
2609 2614
2609 2615
2609 2616
2609 2617
2609 2618
2609 2619
2609 2620
2609 2621
2609 2622
2609 2623
2609 2624
2609 2625
2609 2626
2609 2627
2609 2628
2609 2629
2609 2630
2609 2631
2609 2632
2609 2633
2609 2636
2609 2637
2609 2638
2609 2639
2609 2640
2609 2641
2609 2642
2609 2643
2609 2644
2609 2645
2609 2646
2609 2647
2609 2648
2609 2649
2609 2650
2609 2651
2609 2652
2609 2653
2609 2654
2609 2655
2696 2697
2696 2698
2696 2699
2696 2700
2696 2701
2696 2702
2696 2703
2696 2704
2696 2705
2696 2706
2785 2786
2785 2787
2785 2788
2785 2789
2785 2790
2785 2791
2785 2792
2785 2793
2785 2794
2807 2808
2807 2809
2807 2810
2848 2849
2848 2850
2848 2851
2848 2852
2848 2853
2848 2854
2848 2855
2848 2856
2848 2857
2848 2858
2870 2871
2870 2872
2870 2873
2870 2874
2870 2875
2870 2876
2870 2877
2870 2878
2870 2879
2870 2880
2870 2881
2870 2882
2870 2883
2870 2884
2870 2885
2870 2886
2870 2887
2870 2888
2870 2889
2870 2890
2870 2891
2870 2892
2870 2893
2870 2894
2870 2895
2870 2896
2870 2897
2953 2954
2953 2955
2953 2956
2957 2958
2957 2959
2957 2960
2957 2961
2957 2962
2957 2963
2957 2964
2957 2965
2957 2966
2957 2967
2957 2968
2957 2969
3084 3085
3084 3086
3084 3087
3084 3088
3084 3089
3084 3090
3084 3091
3084 3092
3103 3104
3103 3105
3103 3106
3103 3107
3103 3108
3103 3109
3103 3110
3103 3111
3103 3112
3103 3113
3103 3114
3103 3115
3103 3116
3103 3117
3103 3118
3103 3119
3103 3120
3103 3121
3103 3122
3103 3123
3103 3124
3103 3125
3103 3126
3103 3127
3103 3128
3103 3129
3103 3130
3103 3131
3103 3132
3141 3142
3141 3143
3141 3144
3141 3145
3141 3146
3141 3147
3161 3163
3161 3164
3161 3165
3161 3166
3161 3167
3161 3168
3161 3169
3161 3170
3161 3171
3161 3172
3161 3173
3246 3247
3246 3248
3246 3249
3246 3250
3246 3251
3246 3252
3299 3300
3299 3301
3299 3302
3299 3303
3299 3304
3299 3305
3299 3306
3299 3307
3299 3308
3335 3336
3335 3338
3335 3339
3335 3340
3335 3341
3335 3342
3353 3354
3353 3355
3353 3356
3353 3357
3353 3358
3353 3359
3353 3360
3361 3363
3361 3364
3361 3365
3361 3366
3361 3367
3361 3368
3361 3369
3361 3370
3361 3371
3361 3372
3361 3373
3361 3374
3361 3375
3361 3376
3361 3377
3361 3378
3361 3379
3361 3380
3361 3381
3361 3382
3361 3383
3361 3384
3361 3385
3361 3386
3361 3387
3361 3388
3361 3389
3361 3390
3361 3391
3361 3392
3361 3393
3361 3394
3361 3395
3361 3396
3361 3397
3361 3398
3361 3399
3361 3400
3361 3402
3361 3403
3361 3404
3447 3448
3447 3449
3447 3450
3447 3451
3447 3452
3447 3453
3447 3454
3447 3455
3447 3457
3447 3458
3447 3459
3447 3460
3447 3461
3447 3462
3447 3463
3447 3464
3480 3481
3480 3482
3480 3483
3480 3484
3480 3485
3480 3486
3480 3487
3480 3488
3520 3521
3520 3522
3520 3523
3520 3524
3520 3525
3520 3526
3520 3527
3520 3528
3520 3529
3520 3530
3520 3531
3544 3545
3544 3546
3544 3547
3544 3548
3544 3549
3544 3550
3544 3551
3544 3552
3544 3553
3544 3554
3544 3555
3544 3556
3557 3558
3557 3559
3557 3560
3557 3561
3557 3562
3557 3563
3557 3564
3557 3565
3557 3566
3557 3567
3557 3568
3557 3569
3557 3570
3571 3572
3571 3573
3571 3574
3571 3575
3571 3576
3571 3577
3571 3578
3571 3579
3571 3580
3571 3581
3638 3639
3638 3641
3638 3642
3638 3643
3638 3644
3638 3645
3638 3646
3638 3647
3696 3697
3696 3698
3696 3699
3700 3701
3700 3702
3700 3703
3713 3715
3713 3716
3713 3717
3713 3718
3713 3719
3713 3720
3713 3721
3722 3723
3722 3724
3722 3725
3722 3726
3722 3727
3722 3728
3729 3730
3729 3732
3729 3733
3729 3735
3729 3737
3729 3738
3729 3739
3729 3740
3729 3741
3729 3742
3729 3743
3729 3744
3760 3761
3760 3762
3760 3763
3760 3764
3760 3765
3760 3766
3760 3767
3760 3768
3769 3770
3769 3771
3769 3772
3769 3773
3769 3774
3769 3775
3769 3776
3769 3777
3769 3778
3790 3791
3790 3792
3790 3793
3790 3794
3790 3795
3790 3796
3790 3797
3790 3798
3790 3799
3790 3800
3847 3848
3847 3849
3847 3850
3847 3851
3847 3852
3847 3853
3847 3854
3847 3855
3847 3856
3847 3857
3847 3858
3847 3859
3847 3860
3895 3896
3895 3897
3895 3898
3895 3899
3895 3900
3895 3901
3933 3934
3933 3935
3933 3936
3933 3937
3933 3938
3933 3939
3933 3940
3933 3941
3933 3942
3965 3967
3965 3968
3965 3969
3965 3970
3965 3971
3965 3972
3965 3973
3965 3974
3965 3975
3965 3976
3965 3977
3965 3978
3965 3979
4013 4014
4013 4015
4013 4016
4017 4018
4017 4020
4017 4022
4017 4023
4017 4024
4017 4025
4017 4026
4027 4028
4027 4029
4027 4030
4027 4031
4027 4032
4027 4033
4027 4034
4027 4035
4044 4046
4044 4047
4044 4048
4044 4049
4044 4050
4044 4051
4044 4052
4044 4053
4044 4054
4044 4055
4044 4056
4069 4071
4069 4072
4069 4073
4069 4074
4069 4075
4069 4076
4069 4077
4069 4078
4069 4079
4069 4080
4069 4081
4089 4090
4089 4091
4089 4092
4089 4093
4089 4094
4089 4095
4089 4096
4089 4097
4089 4098
4089 4099
4089 4100
4089 4101
4089 4102
4089 4103
4089 4104
4089 4105
4089 4106
4089 4107
4089 4108
4089 4109
4089 4110
4089 4111
4089 4112
4089 4113
4089 4114
4124 4125
4124 4126
4124 4127
4124 4128
4124 4129
4124 4130
4124 4131
4124 4132
4124 4133
4124 4134
4124 4135
4124 4136
4124 4137
4124 4138
4124 4139
4124 4140
4189 4190
4189 4191
4189 4192
4189 4193
4189 4194
4189 4195
4189 4196
4189 4197
4247 4248
4247 4249
4247 4250
4247 4251
4247 4252
4247 4253
4247 4254
4247 4255
4256 4257
4256 4258
4256 4259
4256 4260
4256 4261
4256 4262
4256 4263
4256 4264
4279 4280
4279 4281
4279 4282
4279 4283
4279 4284
4279 4285
4279 4286
4279 4287
4337 4338
4337 4339
4337 4340
4337 4341
4337 4342
4337 4343
4337 4344
4337 4345
4337 4346
4337 4347
4337 4348
4349 4350
4349 4352
4349 4353
4349 4354
4349 4355
4349 4356
4357 4358
4357 4359
4357 4360
4357 4361
4357 4362
4357 4363
4357 4364
4357 4365
4382 4383
4382 4384
4382 4385
4382 4386
4382 4387
4382 4388
4382 4389
4382 4390
4382 4391
4382 4392
4439 4440
4439 4441
4439 4442
4439 4443
4439 4444
4439 4445
4439 4446
4439 4447
4448 4449
4448 4450
4448 4451
4448 4452
4448 4453
4448 4454
4448 4455
4448 4456
4457 4458
4457 4459
4457 4460
4457 4461
4457 4462
4457 4463
4457 4464
4457 4465
4457 4466
4471 4472
4471 4473
4471 4474
4471 4475
4471 4476
4471 4477
4471 4478
4471 4479
4471 4480
4471 4481
4471 4482
4497 4498
4497 4499
4497 4500
4497 4501
4497 4502
4497 4503
4497 4504
4497 4505
4497 4506
4497 4507
4497 4508
4497 4509
4497 4510
4497 4511
4497 4512
4497 4513
4497 4514
4497 4515
4497 4516
4497 4517
4497 4518
4497 4519
4497 4520
4497 4521
4497 4522
4497 4523
4551 4552
4551 4554
4551 4556
4551 4557
4551 4558
4551 4559
4622 4623
4622 4624
4622 4625
4622 4626
4622 4627
4622 4628
4622 4629
4687 4688
4687 4689
4687 4690
4687 4691
4687 4692
4687 4693
4687 4694
4687 4695
4687 4696
4687 4697
4687 4698
4687 4699
4687 4700
4687 4701
4702 4703
4702 4704
4702 4705
4702 4706
4702 4707
4702 4708
4702 4709
4702 4710
4702 4711
4702 4712
4702 4713
4755 4757
4755 4758
4763 4764
4763 4766
4763 4767
4763 4768
4763 4769
4827 4828
4827 4829
4827 4830
4827 4831
4827 4832
4827 4833
4827 4834
4827 4835
4827 4836
4827 4837
4827 4838
4827 4839
4827 4840
4827 4841
4827 4842
4855 4856
4855 4857
4855 4858
4855 4859
4855 4860
4855 4861
4855 4862
4855 4864
4855 4865
4855 4866
4855 4867
4855 4868
4855 4869
4855 4870
4855 4871
4855 4872
4855 4873
4855 4874
4855 4875
4876 4878
4876 4879
4876 4880
4876 4881
4876 4882
4876 4883
4876 4884
4876 4885
4876 4886
4876 4887
4876 4888
4933 4934
4933 4935
4933 4936
4933 4937
4933 4938
4933 4939
4933 4940
4976 4977
4976 4978
4976 4979
4976 4980
4976 4981
4976 4982
4997 4998
4997 4999
4997 5000
5008 5009
5008 5010
5008 5011
5008 5014
5008 5015
5008 5016
5008 5017
5008 5018
5008 5019
5020 5022
5020 5023
5020 5024
5020 5025
5020 5026
5020 5027
5020 5028
5043 5044
5043 5045
5043 5046
5043 5047
5043 5048
5043 5049
5043 5050
5051 5052
5051 5053
5051 5054
5051 5055
5051 5056
5051 5057
5051 5058
5051 5059
5051 5060
5051 5061
5051 5062
5051 5063
5051 5064
5051 5065
5051 5066
5051 5067
5051 5068
5051 5069
5051 5070
5051 5071
5051 5072
5051 5073
5051 5074
5051 5075
5051 5076
5051 5077
5051 5078
5051 5079
5080 5081
5080 5082
5080 5083
5080 5084
5080 5085
5080 5086
5080 5087
5080 5088
5080 5089
5080 5090
5080 5091
5080 5092
5080 5093
5080 5094
5157 5158
5157 5159
5157 5161
5157 5163
5157 5164
5157 5165
5157 5166
5157 5167
5157 5168
5204 5205
5204 5208
5204 5209
5204 5210
5204 5211
5204 5212
5232 5233
5232 5234
5232 5235
5232 5236
5232 5237
5232 5238
5232 5239
5232 5240
5232 5241
5232 5242
5273 5274
5273 5275
5273 5276
5273 5277
5273 5278
5273 5279
5273 5280
5273 5281
5273 5282
5273 5283
5273 5284
5330 5331
5330 5332
5330 5333
5330 5334
5330 5335
5330 5336
5330 5337
5330 5338
5339 5340
5339 5341
5339 5342
5339 5343
5339 5344
5339 5345
5339 5346
5339 5348
5339 5349
5339 5350
5339 5351
5339 5352
5339 5353
5354 5355
5354 5356
5354 5357
5354 5358
5354 5359
5354 5360
5354 5361
5362 5363
5362 5364
5362 5365
5362 5366
5362 5367
5362 5368
5362 5370
5362 5371
5362 5372
5362 5373
5362 5374
5362 5375
5376 5377
5376 5378
5376 5379
5376 5380
5376 5381
5376 5382
5376 5383
5376 5384
5376 5385
5376 5386
5376 5387
5376 5388
5453 5454
5453 5455
5453 5456
5453 5457
5453 5458
5453 5459
5453 5460
5453 5461
5453 5462
5453 5463
5453 5464
5475 5476
5475 5477
5475 5478
5475 5479
5475 5481
5475 5482
5475 5483
5494 5495
5494 5496
5494 5497
5494 5498
5494 5499
5494 5500
5494 5501
5512 5513
5512 5514
5512 5515
5512 5516
5512 5517
5512 5518
5519 5520
5519 5521
5519 5522
5519 5523
5519 5524
5519 5525
5519 5526
5519 5527
5519 5528
5519 5529
5619 5621
5619 5622
5619 5623
5619 5624
5619 5625
5619 5626
5627 5628
5627 5629
5627 5630
5683 5684
5683 5685
5683 5686
5683 5687
5683 5688
5683 5689
5683 5690
5683 5691
5683 5692
5683 5693
5707 5709
5707 5710
5711 5712
5711 5713
5711 5714
5711 5715
5711 5716
5711 5717
5711 5718
5711 5719
5711 5720
5739 5740
5739 5741
5739 5742
5739 5743
5739 5744
5739 5745
5739 5746
5739 5747
5739 5748
5739 5749
5750 5751
5750 5752
5750 5753
5762 5763
5762 5764
5762 5765
5762 5766
5762 5767
5762 5768
5762 5769
5762 5770
5762 5771
5762 5772
5762 5773
5762 5774
5762 5775
5762 5776
5762 5777
5762 5778
5762 5779
5762 5780
5762 5781
5762 5782
5762 5783
5762 5784
5762 5785
5762 5786
5762 5787
5762 5788
5762 5789
5762 5790
5762 5791
5762 5792
5762 5793
5812 5813
5812 5815
5812 5816
5812 5817
5812 5818
5812 5819
5812 5820
5812 5821
5822 5823
5822 5824
5822 5825
5822 5826
5822 5827
5822 5828
5822 5829
5822 5830
5822 5831
5822 5832
5822 5833
5822 5834
2462 252
4382 2897
5627 341
5354 214
3638 1408
2167 1914
4349 184
