11 12
11 13
11 14
11 15
11 16
11 17
11 18
11 19
11 20
11 21
22 23
22 24
22 25
22 26
22 27
22 28
22 29
22 30
22 31
22 32
109 110
109 111
109 112
109 113
109 114
109 115
109 116
109 117
109 118
109 119
109 120
109 121
109 122
109 123
109 124
146 147
146 148
146 149
146 150
146 151
146 152
146 153
146 154
146 155
146 156
146 157
146 158
146 159
146 160
146 161
146 162
146 163
164 165
164 166
164 167
164 168
164 169
164 171
164 173
164 174
164 175
176 177
176 178
176 179
176 180
176 181
176 182
176 183
176 184
176 185
176 186
195 196
195 197
195 198
195 199
195 200
195 201
195 202
195 203
195 204
195 205
195 206
217 218
217 220
217 221
217 222
217 223
217 224
217 225
226 228
226 230
226 231
226 232
226 233
226 234
226 235
226 236
237 238
237 239
237 240
237 241
237 242
237 243
237 244
237 245
237 246
292 293
292 294
292 295
292 296
292 297
292 298
292 299
292 300
362 363
362 364
362 365
362 366
362 367
362 368
362 369
362 370
362 371
362 372
362 373
362 374
362 375
376 377
376 378
376 379
376 380
376 381
376 382
376 383
376 384
376 385
376 386
376 387
376 388
376 389
376 390
376 391
376 392
376 393
394 395
394 396
394 397
394 398
394 399
394 400
401 402
401 403
401 404
401 405
401 406
401 407
401 408
401 409
423 424
423 425
423 426
423 427
423 428
423 430
423 431
423 432
423 433
423 434
423 435
423 436
423 437
423 438
423 439
423 440
423 441
458 459
458 460
458 461
458 462
458 463
458 464
458 465
458 466
458 467
484 485
484 486
484 487
484 488
484 489
484 490
484 491
492 493
492 494
492 495
492 496
492 497
492 498
492 499
520 521
520 522
520 523
520 524
520 525
520 526
520 527
520 528
599 601
599 602
599 603
599 604
599 605
599 606
599 607
599 608
599 609
599 610
599 611
599 612
599 613
599 614
599 615
599 616
599 617
699 700
699 701
699 702
699 703
699 704
699 705
699 706
699 707
699 708
699 709
699 710
699 711
699 712
699 713
699 714
715 716
715 717
715 718
715 719
715 720
715 721
715 722
715 723
734 735
734 736
734 737
734 738
734 739
734 740
734 741
734 742
734 743
734 744
734 745
734 746
775 776
775 777
775 778
775 779
775 780
775 781
775 782
775 783
775 784
775 785
775 786
775 787
775 788
829 830
829 831
829 832
829 833
829 834
829 835
829 836
837 838
837 839
837 840
837 841
837 842
837 843
837 844
837 845
837 846
837 847
837 848
837 849
837 850
837 851
837 852
837 853
837 854
855 856
855 857
855 858
855 859
855 860
855 861
855 862
915 916
915 917
915 918
915 919
915 920
915 921
915 922
923 924
923 925
923 926
923 927
923 928
923 929
923 930
923 931
923 932
923 933
923 934
923 935
968 969
968 970
968 971
968 972
968 973
968 974
968 975
968 976
968 977
978 979
978 980
978 981
978 982
978 983
978 984
978 985
1023 1024
1023 1025
1023 1026
1023 1027
1023 1028
1023 1029
1023 1030
1023 1031
1023 1032
1023 1033
1023 1034
1023 1035
1069 1070
1069 1071
1069 1072
1069 1073
1069 1074
1069 1075
1069 1076
1069 1077
1069 1078
1069 1079
1069 1080
1069 1081
1069 1082
1083 1084
1159 1160
1159 1161
1159 1162
1159 1163
1159 1164
1159 1165
1159 1166
1159 1167
1159 1168
1159 1169
1159 1170
1171 1172
1171 1173
1171 1174
1171 1175
1171 1176
1171 1177
1171 1178
1171 1179
1171 1180
1171 1181
1171 1182
1171 1183
1213 1214
1213 1215
1213 1216
1213 1217
1213 1218
1213 1219
1213 1220
1213 1221
1213 1222
1223 1224
1223 1225
1223 1226
1223 1227
1223 1228
1223 1229
1223 1230
1223 1231
1223 1232
1223 1233
1223 1234
1312 1313
1312 1314
1312 1315
1312 1316
1312 1317
1312 1318
1312 1319
1312 1320
1312 1321
1312 1322
1312 1323
1312 1324
1442 1443
1442 1444
1442 1445
1442 1446
1442 1447
1442 1448
1442 1449
1442 1450
1442 1451
1442 1452
1442 1453
1454 1456
1454 1457
1454 1458
1454 1459
1454 1460
1454 1461
1454 1462
1463 1464
1463 1465
1463 1466
1463 1467
1463 1468
1463 1469
1463 1470
1463 1471
1463 1472
1463 1473
1463 1474
1463 1475
1463 1476
1463 1477
1567 1569
1567 1570
1567 1572
1567 1573
1567 1574
1567 1575
1567 1576
1577 1579
1577 1580
1600 1601
1600 1602
1600 1603
1600 1604
1600 1605
1600 1606
1607 1608
1607 1609
1607 1610
1607 1611
1607 1612
1607 1613
1679 1680
1679 1681
1679 1682
1679 1683
1679 1684
1679 1685
1686 1687
1686 1688
1686 1689
1686 1690
1686 1691
1686 1692
1686 1693
1686 1694
1686 1695
1686 1696
1686 1697
1686 1698
1686 1699
1686 1700
1743 1744
1743 1745
1743 1746
1743 1747
1743 1748
1743 1749
1773 1774
1773 1775
1773 1776
1773 1777
1773 1778
1773 1779
1773 1780
1773 1781
1773 1782
1792 1793
1792 1794
1792 1795
1792 1796
1792 1797
1792 1798
1792 1799
1861 1862
1861 1863
1861 1864
1861 1865
1861 1866
1861 1867
1861 1868
1861 1869
1861 1870
1881 1882
1881 1883
1881 1884
1909 1910
1909 1911
1909 1912
1909 1913
1909 1914
1909 1915
1909 1916
1909 1917
1909 1918
1909 1919
1936 1938
1936 1939
1936 1942
1936 1943
1936 1944
1936 1945
1936 1946
1936 1947
1936 1948
1936 1949
1957 1958
1957 1959
1957 1960
1957 1961
1957 1964
1957 1965
1957 1966
1996 1998
1996 1999
1996 2000
1996 2001
1996 2002
1996 2003
2004 2005
2004 2006
2004 2007
2004 2008
2004 2009
2004 2010
2004 2011
2004 2012
2004 2013
2004 2014
2004 2015
2004 2016
2086 2087
2086 2088
2086 2089
2086 2090
2086 2091
2086 2092
2086 2093
2086 2094
2086 2095
2086 2096
2120 2122
2120 2123
2120 2124
2120 2125
2120 2126
2120 2127
2120 2128
2120 2129
2120 2130
2120 2131
2120 2132
2120 2133
2120 2134
2120 2135
2120 2136
2120 2137
2120 2138
2120 2139
2140 2141
2140 2142
2140 2143
2140 2144
2140 2145
2140 2146
2140 2147
2140 2148
2140 2149
2140 2150
2167 2168
2167 2169
2167 2170
2167 2171
2167 2172
2167 2173
2167 2174
2167 2175
2167 2176
2167 2177
2167 2178
2167 2179
2167 2180
2167 2181
2167 2182
2167 2183
2167 2184
2167 2185
2167 2186
2167 2187
2167 2188
2167 2189
2167 2190
2167 2192
2167 2193
2167 2194
2167 2195
2167 2196
2167 2197
2167 2198
2167 2199
2167 2200
2213 2214
2213 2215
2213 2216
2213 2217
2213 2218
2213 2219
2238 2239
2238 2241
2238 2242
2238 2243
2238 2244
2238 2245
2238 2246
2238 2247
2238 2248
2238 2249
2238 2250
2238 2251
2299 2300
2299 2301
2299 2302
2299 2303
2299 2304
2299 2305
2299 2306
2299 2307
2299 2308
2299 2309
2310 2311
2310 2312
2310 2313
2341 2344
2341 2345
2341 2346
2341 2347
2341 2348
2341 2349
2350 2351
2350 2352
2350 2353
2350 2354
2350 2355
2350 2356
2350 2357
2350 2358
2350 2359
2477 2478
2477 2479
2477 2480
2477 2481
2477 2482
2477 2483
2477 2484
2489 2490
2489 2492
2489 2493
2489 2494
2489 2495
2489 2496
2489 2497
2489 2498
2489 2499
2489 2500
2489 2501
2489 2502
2514 2515
2514 2516
2514 2517
2514 2518
2514 2519
2514 2520
2514 2521
2514 2522
2514 2523
2532 2533
2532 2534
2532 2535
2532 2536
2532 2537
2532 2538
2539 2540
2539 2541
2539 2542
2539 2543
2539 2544
2539 2545
2539 2546
2539 2547
2539 2548
2539 2549
2656 2657
2656 2658
2656 2659
2656 2661
2656 2662
2656 2663
2656 2664
2656 2665
2656 2666
2656 2667
2656 2668
2656 2669
2656 2670
2656 2671
2656 2672
2656 2673
2656 2674
2656 2675
2656 2676
2707 2708
2707 2709
2707 2710
2707 2711
2707 2712
2707 2713
2707 2714
2707 2715
2707 2716
2707 2717
2718 2719
2718 2720
2718 2721
2718 2723
2718 2724
2718 2725
2718 2726
2718 2727
2718 2729
2718 2730
2718 2731
2718 2732
2718 2733
2718 2734
2718 2735
2718 2736
2718 2737
2718 2738
2795 2796
2795 2797
2795 2798
2795 2800
2795 2801
2795 2802
2811 2812
2811 2813
2811 2814
2811 2815
2811 2816
2811 2817
2859 2860
2859 2861
2859 2862
2859 2863
2859 2864
2859 2865
2859 2866
2859 2867
2859 2868
2859 2869
2914 2915
2914 2916
2914 2917
2914 2918
2914 2919
2914 2920
2914 2921
2914 2922
2914 2923
2914 2924
2914 2925
2914 2926
2914 2927
2914 2928
2914 2929
2914 2930
2914 2931
2914 2932
2914 2933
2914 2934
2914 2935
2914 2936
2914 2937
2914 2938
2914 2939
2914 2940
2953 2954
2953 2955
2953 2956
2987 2988
2987 2989
2987 2990
2987 2991
2987 2992
2987 2993
2987 2994
2987 2995
2987 2996
2987 2997
2987 2998
2987 2999
2987 3000
2987 3001
2987 3002
2987 3003
2987 3004
3005 3006
3005 3007
3005 3008
3005 3009
3005 3010
3005 3012
3005 3013
3005 3014
3005 3015
3005 3016
3005 3017
3005 3018
3005 3019
3005 3020
3005 3021
3005 3022
3005 3023
3005 3024
3040 3041
3040 3044
3040 3046
3093 3094
3093 3095
3093 3096
3093 3097
3093 3098
3093 3099
3093 3100
3093 3101
3093 3102
3174 3175
3174 3176
3174 3177
3174 3178
3174 3179
3174 3180
3174 3181
3174 3182
3174 3183
3174 3184
3174 3185
3174 3186
3174 3187
3174 3188
3174 3189
3174 3190
3174 3191
3174 3192
3174 3193
3174 3194
3174 3195
3174 3196
3174 3197
3174 3199
3174 3200
3174 3201
3174 3202
3203 3204
3203 3205
3203 3206
3203 3207
3203 3208
3203 3209
3203 3210
3203 3211
3203 3212
3225 3226
3225 3227
3225 3228
3225 3229
3225 3230
3225 3231
3225 3232
3246 3247
3246 3248
3246 3249
3246 3250
3246 3251
3246 3252
3253 3254
3253 3255
3253 3256
3253 3257
3253 3258
3253 3259
3253 3260
3253 3261
3253 3262
3335 3336
3335 3338
3335 3339
3335 3340
3335 3341
3335 3342
3343 3344
3343 3345
3343 3346
3343 3347
3343 3348
3343 3349
3343 3350
3343 3351
3343 3352
3419 3420
3419 3422
3419 3423
3419 3424
3419 3425
3419 3426
3419 3427
3419 3428
3429 3430
3429 3431
3429 3432
3429 3433
3429 3434
3429 3435
3429 3436
3480 3481
3480 3482
3480 3483
3480 3484
3480 3485
3480 3486
3480 3487
3480 3488
3544 3545
3544 3546
3544 3547
3544 3548
3544 3549
3544 3550
3544 3551
3544 3552
3544 3553
3544 3554
3544 3555
3544 3556
3557 3558
3557 3559
3557 3560
3557 3561
3557 3562
3557 3563
3557 3564
3557 3565
3557 3566
3557 3567
3557 3568
3557 3569
3557 3570
3582 3583
3582 3585
3582 3586
3582 3587
3582 3588
3582 3589
3582 3590
3582 3591
3592 3593
3592 3594
3592 3595
3592 3596
3592 3597
3592 3598
3592 3599
3600 3601
3600 3602
3600 3603
3600 3604
3600 3605
3600 3606
3600 3607
3600 3608
3600 3609
3600 3610
3600 3611
3600 3612
3600 3613
3600 3614
3638 3639
3638 3641
3638 3642
3638 3643
3638 3644
3638 3645
3638 3646
3638 3647
3675 3676
3675 3677
3675 3678
3675 3679
3675 3680
3675 3681
3675 3682
3675 3683
3675 3684
3675 3685
3675 3686
3696 3697
3696 3698
3696 3699
3700 3701
3700 3702
3700 3703
3722 3723
3722 3724
3722 3725
3722 3726
3722 3727
3722 3728
3779 3780
3779 3782
3779 3783
3779 3784
3779 3786
3779 3787
3779 3788
3779 3789
3801 3802
3801 3803
3801 3804
3801 3805
3801 3806
3801 3807
3801 3808
3801 3809
3801 3810
3881 3882
3881 3883
3881 3884
3881 3885
3881 3886
3881 3887
3881 3888
3881 3889
3881 3890
3881 3891
3881 3892
3881 3893
3881 3894
3902 3903
3902 3904
3902 3905
3902 3906
3902 3907
3902 3908
3902 3909
3902 3910
3902 3911
3902 3912
3943 3944
3943 3945
3943 3946
3943 3947
3943 3948
3943 3949
3943 3950
3943 3951
3943 3952
3943 3953
3943 3954
3955 3956
3955 3957
3955 3958
3955 3959
3955 3960
3955 3962
3955 3963
3955 3964
3965 3967
3965 3968
3965 3969
3965 3970
3965 3971
3965 3972
3965 3973
3965 3974
3965 3975
3965 3976
3965 3977
3965 3978
3965 3979
3980 3981
3980 3982
3980 3983
3980 3984
3980 3985
3980 3986
3980 3987
3980 3988
3980 3989
3980 3990
3980 3991
4005 4006
4005 4007
4005 4008
4005 4009
4005 4010
4005 4011
4005 4012
4013 4014
4013 4015
4013 4016
4089 4090
4089 4091
4089 4092
4089 4093
4089 4094
4089 4095
4089 4096
4089 4097
4089 4098
4089 4099
4089 4100
4089 4101
4089 4102
4089 4103
4089 4104
4089 4105
4089 4106
4089 4107
4089 4108
4089 4109
4089 4110
4089 4111
4089 4112
4089 4113
4089 4114
4151 4153
4151 4154
4151 4155
4151 4156
4151 4157
4151 4158
4151 4159
4151 4160
4175 4177
4175 4178
4265 4266
4265 4268
4265 4269
4265 4270
4265 4271
4265 4272
4265 4273
4265 4274
4265 4275
4265 4276
4265 4277
4265 4278
4279 4280
4279 4281
4279 4282
4279 4283
4279 4284
4279 4285
4279 4286
4279 4287
4314 4315
4314 4316
4314 4317
4314 4318
4314 4319
4314 4320
4314 4321
4314 4322
4314 4323
4314 4324
4427 4428
4427 4429
4427 4430
4427 4431
4427 4432
4427 4433
4427 4434
4427 4436
4427 4438
4439 4440
4439 4441
4439 4442
4439 4443
4439 4444
4439 4445
4439 4446
4439 4447
4448 4449
4448 4450
4448 4451
4448 4452
4448 4453
4448 4454
4448 4455
4448 4456
4471 4472
4471 4473
4471 4474
4471 4475
4471 4476
4471 4477
4471 4478
4471 4479
4471 4480
4471 4481
4471 4482
4483 4484
4483 4485
4483 4486
4483 4487
4483 4488
4483 4489
4483 4490
4483 4491
4483 4492
4483 4493
4483 4494
4483 4495
4483 4496
4551 4552
4551 4554
4551 4556
4551 4557
4551 4558
4551 4559
4586 4587
4586 4588
4586 4589
4586 4590
4586 4591
4586 4592
4586 4593
4586 4594
4586 4595
4586 4596
4586 4597
4586 4598
4586 4599
4586 4600
4586 4601
4586 4602
4586 4603
4586 4604
4586 4605
4586 4606
4586 4607
4586 4608
4586 4609
4622 4623
4622 4624
4622 4625
4622 4626
4622 4627
4622 4628
4622 4629
4650 4651
4650 4652
4650 4653
4650 4654
4650 4655
4650 4657
4650 4658
4650 4659
4650 4661
4650 4662
4650 4663
4650 4664
4650 4665
4650 4666
4667 4668
4667 4669
4667 4670
4726 4728
4726 4730
4726 4731
4726 4732
4726 4733
4726 4734
4726 4735
4736 4737
4736 4739
4736 4740
4736 4741
4736 4742
4736 4743
4736 4744
4736 4745
4736 4746
4759 4760
4759 4761
4759 4762
4763 4764
4763 4766
4763 4767
4763 4768
4763 4769
4827 4828
4827 4829
4827 4830
4827 4831
4827 4832
4827 4833
4827 4834
4827 4835
4827 4836
4827 4837
4827 4838
4827 4839
4827 4840
4827 4841
4827 4842
4876 4878
4876 4879
4876 4880
4876 4881
4876 4882
4876 4883
4876 4884
4876 4885
4876 4886
4876 4887
4876 4888
4902 4904
4902 4905
4902 4906
4902 4907
4902 4908
4902 4909
4902 4910
4920 4921
4920 4922
4920 4923
4920 4924
4920 4925
4920 4926
4920 4927
4920 4928
4920 4929
4920 4930
4920 4931
4920 4932
4953 4954
4953 4955
4953 4956
4953 4957
4953 4958
4953 4959
4953 4960
4953 4961
4953 4962
4953 4963
4953 4964
5001 5002
5001 5003
5001 5004
5001 5005
5001 5006
5001 5007
5008 5009
5008 5010
5008 5011
5008 5014
5008 5015
5008 5016
5008 5017
5008 5018
5008 5019
5115 5116
5115 5117
5115 5118
5115 5119
5115 5120
5115 5121
5115 5122
5115 5123
5115 5124
5115 5125
5115 5126
5115 5127
5115 5128
5115 5129
5150 5151
5150 5152
5150 5153
5150 5154
5150 5155
5150 5156
5157 5158
5157 5159
5157 5161
5157 5163
5157 5164
5157 5165
5157 5166
5157 5167
5157 5168
5186 5187
5186 5188
5186 5189
5186 5190
5186 5191
5186 5192
5186 5193
5186 5194
5186 5195
5186 5196
5186 5197
5186 5198
5186 5199
5186 5200
5186 5201
5186 5202
5186 5203
5232 5233
5232 5234
5232 5235
5232 5236
5232 5237
5232 5238
5232 5239
5232 5240
5232 5241
5232 5242
5255 5256
5255 5257
5255 5258
5255 5260
5255 5261
5255 5262
5255 5263
5321 5322
5321 5323
5321 5324
5321 5325
5321 5326
5321 5327
5321 5328
5321 5329
5354 5355
5354 5356
5354 5357
5354 5358
5354 5359
5354 5360
5354 5361
5376 5377
5376 5378
5376 5379
5376 5380
5376 5381
5376 5382
5376 5383
5376 5384
5376 5385
5376 5386
5376 5387
5376 5388
5389 5390
5389 5391
5389 5392
5389 5393
5389 5394
5389 5395
5389 5396
5389 5397
5389 5398
5389 5399
5389 5400
5401 5402
5401 5403
5401 5405
5401 5406
5401 5407
5401 5408
5401 5409
5401 5410
5401 5411
5401 5412
5401 5413
5401 5414
5401 5415
5494 5495
5494 5496
5494 5497
5494 5498
5494 5499
5494 5500
5494 5501
5510 5511
5512 5513
5512 5514
5512 5515
5512 5516
5512 5517
5512 5518
5519 5520
5519 5521
5519 5522
5519 5523
5519 5524
5519 5525
5519 5526
5519 5527
5519 5528
5519 5529
5627 5628
5627 5629
5627 5630
5641 5642
5641 5643
5641 5644
5641 5645
5641 5646
5641 5647
5641 5648
5641 5649
5641 5650
5641 5651
5641 5652
5641 5653
5658 5659
5658 5660
5658 5661
5658 5662
5658 5663
5658 5664
5658 5665
5658 5666
5658 5667
5658 5668
5658 5669
5658 5670
5658 5671
5658 5672
5683 5684
5683 5685
5683 5686
5683 5687
5683 5688
5683 5689
5683 5690
5683 5691
5683 5692
5683 5693
5707 5709
5707 5710
5721 5722
5721 5723
5721 5724
5721 5725
5721 5726
5721 5727
5721 5728
5721 5729
5721 5732
5721 5733
5721 5734
5721 5735
5721 5736
5721 5737
5721 5738
5762 5763
5762 5764
5762 5765
5762 5766
5762 5767
5762 5768
5762 5769
5762 5770
5762 5771
5762 5772
5762 5773
5762 5774
5762 5775
5762 5776
5762 5777
5762 5778
5762 5779
5762 5780
5762 5781
5762 5782
5762 5783
5762 5784
5762 5785
5762 5786
5762 5787
5762 5788
5762 5789
5762 5790
5762 5791
5762 5792
5762 5793
5822 5823
5822 5824
5822 5825
5822 5826
5822 5827
5822 5828
5822 5829
5822 5830
5822 5831
5822 5832
5822 5833
5822 5834
