0 1
0 2
0 5
0 6
0 7
0 8
0 9
0 10
109 110
109 111
109 112
109 113
109 114
109 115
109 116
109 117
109 118
109 119
109 120
109 121
109 122
109 123
109 124
125 126
125 127
125 128
125 129
125 130
125 131
125 132
125 133
125 134
125 135
125 136
125 137
125 138
125 139
125 140
125 141
125 142
125 143
125 144
125 145
146 147
146 148
146 149
146 150
146 151
146 152
146 153
146 154
146 155
146 156
146 157
146 158
146 159
146 160
146 161
146 162
146 163
195 196
195 197
195 198
195 199
195 200
195 201
195 202
195 203
195 204
195 205
195 206
226 228
226 230
226 231
226 232
226 233
226 234
226 235
226 236
237 238
237 239
237 240
237 241
237 242
237 243
237 244
237 245
237 246
255 256
255 257
255 258
255 259
255 260
255 261
255 262
255 263
255 264
255 265
255 266
255 267
255 268
255 269
255 270
255 271
255 272
273 274
273 275
273 276
273 277
273 278
273 279
273 280
273 281
309 310
309 311
309 313
309 314
309 315
309 316
309 317
309 318
319 320
319 321
319 322
319 323
319 324
319 325
319 326
319 327
319 328
319 329
319 330
331 332
331 333
331 334
331 335
331 336
331 337
331 338
331 339
331 340
331 341
376 377
376 378
376 379
376 380
376 381
376 382
376 383
376 384
376 385
376 386
376 387
376 388
376 389
376 390
376 391
376 392
376 393
410 411
410 412
410 413
410 414
410 415
410 416
410 417
410 418
410 419
410 420
410 421
410 422
442 443
442 444
442 445
442 446
442 447
442 448
442 449
442 450
458 459
458 460
458 461
458 462
458 463
458 464
458 465
458 466
458 467
484 485
484 486
484 487
484 488
484 489
484 490
484 491
553 554
553 555
553 556
553 557
553 558
553 559
553 560
553 561
553 562
553 563
553 564
553 565
553 566
567 568
567 569
567 570
567 571
567 572
567 573
567 574
567 575
567 576
679 681
679 682
679 683
679 684
679 685
679 686
679 687
679 688
689 690
689 691
689 692
689 693
689 694
689 695
689 696
689 697
689 698
747 748
747 749
747 750
747 751
747 752
747 753
747 754
747 755
747 756
747 757
747 758
747 759
767 768
767 769
767 770
767 771
767 772
767 773
767 774
775 776
775 777
775 778
775 779
775 780
775 781
775 782
775 783
775 784
775 785
775 786
775 787
775 788
789 790
789 791
789 793
789 794
789 795
789 797
789 798
789 799
789 800
789 801
789 802
789 803
789 804
789 805
789 806
789 807
789 808
789 809
789 810
789 811
789 812
888 889
888 890
888 891
888 892
888 893
888 894
895 896
895 897
895 898
895 899
895 900
895 901
895 902
895 903
895 904
895 905
986 987
986 988
986 989
986 990
986 991
986 992
986 993
986 994
986 995
986 997
986 998
986 1000
986 1001
986 1002
986 1003
986 1004
986 1005
986 1006
986 1007
986 1008
986 1009
986 1010
986 1011
986 1012
986 1013
986 1014
1050 1051
1050 1052
1050 1053
1050 1054
1050 1055
1050 1056
1050 1057
1050 1058
1050 1059
1050 1060
1050 1061
1050 1062
1050 1063
1050 1064
1050 1065
1050 1066
1050 1067
1050 1068
1142 1143
1142 1144
1142 1145
1142 1146
1142 1147
1142 1148
1142 1149
1171 1172
1171 1173
1171 1174
1171 1175
1171 1176
1171 1177
1171 1178
1171 1179
1171 1180
1171 1181
1171 1182
1171 1183
1191 1192
1191 1193
1191 1194
1191 1195
1191 1196
1191 1197
1191 1198
1191 1199
1191 1200
1191 1201
1191 1202
1191 1203
1191 1204
1205 1206
1205 1207
1205 1208
1205 1209
1205 1210
1205 1211
1205 1212
1277 1278
1277 1279
1277 1280
1277 1281
1277 1282
1277 1283
1277 1284
1277 1285
1277 1286
1277 1287
1277 1288
1277 1289
1277 1290
1277 1291
1277 1292
1277 1293
1409 1410
1409 1411
1409 1412
1409 1413
1409 1414
1409 1415
1409 1416
1409 1417
1409 1418
1409 1419
1409 1420
1421 1422
1421 1423
1421 1424
1421 1426
1421 1427
1421 1428
1421 1429
1421 1430
1421 1431
1421 1432
1478 1479
1478 1480
1478 1482
1478 1483
1478 1484
1478 1485
1478 1486
1505 1506
1505 1507
1505 1508
1505 1509
1505 1510
1505 1511
1505 1512
1505 1513
1505 1514
1505 1515
1505 1516
1505 1517
1505 1518
1505 1519
1505 1520
1505 1521
1522 1523
1522 1524
1522 1525
1522 1526
1522 1527
1522 1528
1522 1529
1522 1530
1522 1531
1522 1532
1522 1534
1522 1535
1522 1536
1522 1537
1522 1538
1539 1540
1539 1541
1539 1542
1539 1544
1539 1545
1539 1546
1539 1547
1539 1548
1539 1549
1557 1558
1557 1559
1557 1560
1557 1561
1557 1562
1557 1563
1557 1564
1557 1565
1557 1566
1581 1582
1581 1583
1581 1584
1581 1585
1581 1586
1581 1587
1581 1588
1581 1589
1581 1590
1581 1591
1581 1592
1581 1593
1581 1594
1581 1595
1581 1596
1581 1597
1581 1598
1581 1599
1614 1616
1614 1618
1614 1619
1614 1620
1614 1621
1614 1622
1614 1623
1614 1624
1614 1625
1614 1626
1614 1627
1614 1628
1614 1629
1614 1630
1614 1631
1640 1641
1640 1642
1640 1643
1640 1644
1640 1645
1640 1646
1640 1647
1668 1669
1668 1670
1668 1671
1668 1672
1668 1673
1668 1674
1668 1675
1668 1676
1668 1677
1668 1678
1721 1722
1721 1723
1721 1724
1721 1725
1721 1726
1721 1727
1721 1728
1721 1729
1730 1731
1730 1732
1730 1733
1730 1734
1730 1735
1730 1736
1730 1737
1730 1738
1730 1739
1730 1740
1730 1741
1730 1742
1750 1751
1750 1752
1750 1753
1750 1754
1750 1755
1750 1756
1750 1757
1750 1758
1750 1760
1750 1761
1750 1762
1750 1763
1750 1764
1750 1765
1750 1766
1750 1767
1750 1768
1750 1769
1750 1770
1750 1771
1750 1772
1800 1801
1800 1802
1800 1803
1800 1804
1800 1805
1800 1806
1800 1807
1800 1808
1800 1809
1800 1810
1811 1812
1811 1813
1811 1814
1811 1815
1811 1816
1811 1817
1811 1818
1811 1819
1811 1820
1811 1821
1811 1822
1811 1823
1811 1825
1811 1827
1811 1828
1811 1829
1811 1830
1811 1831
1811 1832
1811 1833
1811 1834
1811 1835
1811 1836
1811 1837
1811 1838
1811 1839
1811 1840
1811 1841
1811 1842
1811 1843
1811 1844
1811 1845
1811 1846
1811 1847
1811 1848
1811 1849
1811 1850
1811 1851
1811 1852
1811 1853
1811 1854
1811 1855
1811 1856
1811 1857
1811 1858
1811 1859
1811 1860
1871 1872
1871 1873
1871 1874
1871 1875
1871 1876
1871 1877
1871 1878
1871 1879
1871 1880
1920 1921
1920 1922
1920 1923
1920 1924
1920 1925
1920 1926
1936 1938
1936 1939
1936 1942
1936 1943
1936 1944
1936 1945
1936 1946
1936 1947
1936 1948
1936 1949
1957 1958
1957 1959
1957 1960
1957 1961
1957 1964
1957 1965
1957 1966
2030 2031
2030 2032
2030 2033
2030 2034
2030 2035
2030 2036
2030 2037
2030 2038
2030 2039
2030 2041
2030 2042
2030 2043
2030 2044
2030 2045
2030 2046
2030 2047
2030 2048
2071 2073
2071 2074
2071 2075
2071 2076
2071 2077
2071 2078
2071 2079
2071 2080
2071 2081
2071 2082
2071 2083
2071 2084
2071 2085
2097 2098
2097 2099
2097 2100
2097 2101
2097 2102
2097 2103
2097 2104
2097 2105
2097 2106
2097 2107
2097 2108
2097 2109
2097 2110
2097 2111
2097 2112
2097 2113
2097 2114
2097 2115
2097 2116
2097 2117
2097 2118
2097 2119
2120 2122
2120 2123
2120 2124
2120 2125
2120 2126
2120 2127
2120 2128
2120 2129
2120 2130
2120 2131
2120 2132
2120 2133
2120 2134
2120 2135
2120 2136
2120 2137
2120 2138
2120 2139
2151 2152
2151 2153
2151 2154
2151 2155
2151 2156
2151 2157
2151 2158
2151 2159
2151 2160
2151 2161
2151 2162
2151 2163
2151 2164
2151 2165
2151 2166
2167 2168
2167 2169
2167 2170
2167 2171
2167 2172
2167 2173
2167 2174
2167 2175
2167 2176
2167 2177
2167 2178
2167 2179
2167 2180
2167 2181
2167 2182
2167 2183
2167 2184
2167 2185
2167 2186
2167 2187
2167 2188
2167 2189
2167 2190
2167 2192
2167 2193
2167 2194
2167 2195
2167 2196
2167 2197
2167 2198
2167 2199
2167 2200
2220 2221
2220 2222
2220 2223
2220 2224
2220 2225
2220 2226
2220 2227
2220 2228
2220 2229
2220 2230
2220 2231
2220 2232
2220 2233
2220 2234
2220 2235
2220 2236
2220 2237
2288 2290
2288 2291
2350 2351
2350 2352
2350 2353
2350 2354
2350 2355
2350 2356
2350 2357
2350 2358
2350 2359
2368 2369
2368 2370
2368 2371
2368 2372
2368 2373
2368 2374
2368 2375
2368 2376
2368 2377
2368 2378
2368 2379
2368 2380
2381 2382
2381 2383
2381 2384
2381 2385
2381 2386
2381 2387
2381 2388
2381 2389
2381 2390
2381 2391
2405 2406
2405 2407
2405 2408
2405 2409
2405 2410
2405 2411
2405 2412
2405 2413
2469 2470
2469 2471
2469 2472
2469 2473
2469 2474
2469 2475
2469 2476
2477 2478
2477 2479
2477 2480
2477 2481
2477 2482
2477 2483
2477 2484
2514 2515
2514 2516
2514 2517
2514 2518
2514 2519
2514 2520
2514 2521
2514 2522
2514 2523
2524 2525
2524 2526
2524 2527
2524 2528
2524 2529
2524 2530
2524 2531
2600 2602
2600 2603
2600 2605
2600 2606
2600 2607
2600 2608
2696 2697
2696 2698
2696 2699
2696 2700
2696 2701
2696 2702
2696 2703
2696 2704
2696 2705
2696 2706
2707 2708
2707 2709
2707 2710
2707 2711
2707 2712
2707 2713
2707 2714
2707 2715
2707 2716
2707 2717
2718 2719
2718 2720
2718 2721
2718 2723
2718 2724
2718 2725
2718 2726
2718 2727
2718 2729
2718 2730
2718 2731
2718 2732
2718 2733
2718 2734
2718 2735
2718 2736
2718 2737
2718 2738
2739 2740
2739 2741
2739 2742
2739 2743
2739 2744
2739 2745
2739 2747
2739 2748
2739 2749
2785 2786
2785 2787
2785 2788
2785 2789
2785 2790
2785 2791
2785 2792
2785 2793
2785 2794
2795 2796
2795 2797
2795 2798
2795 2800
2795 2801
2795 2802
2803 2804
2803 2805
2803 2806
2807 2808
2807 2809
2807 2810
2818 2819
2818 2820
2818 2821
2818 2822
2818 2823
2818 2824
2818 2825
2818 2826
2818 2827
2818 2828
2818 2829
2818 2830
2818 2831
2818 2832
2818 2833
2818 2834
2818 2835
2818 2836
2818 2837
2818 2838
2818 2839
2818 2840
2818 2841
2818 2842
2818 2843
2818 2844
2818 2845
2818 2846
2818 2847
2848 2849
2848 2850
2848 2851
2848 2852
2848 2853
2848 2854
2848 2855
2848 2856
2848 2857
2848 2858
2859 2860
2859 2861
2859 2862
2859 2863
2859 2864
2859 2865
2859 2866
2859 2867
2859 2868
2859 2869
2870 2871
2870 2872
2870 2873
2870 2874
2870 2875
2870 2876
2870 2877
2870 2878
2870 2879
2870 2880
2870 2881
2870 2882
2870 2883
2870 2884
2870 2885
2870 2886
2870 2887
2870 2888
2870 2889
2870 2890
2870 2891
2870 2892
2870 2893
2870 2894
2870 2895
2870 2896
2870 2897
2905 2906
2905 2907
2905 2908
2905 2909
2905 2910
2905 2911
2905 2912
2905 2913
2914 2915
2914 2916
2914 2917
2914 2918
2914 2919
2914 2920
2914 2921
2914 2922
2914 2923
2914 2924
2914 2925
2914 2926
2914 2927
2914 2928
2914 2929
2914 2930
2914 2931
2914 2932
2914 2933
2914 2934
2914 2935
2914 2936
2914 2937
2914 2938
2914 2939
2914 2940
2957 2958
2957 2959
2957 2960
2957 2961
2957 2962
2957 2963
2957 2964
2957 2965
2957 2966
2957 2967
2957 2968
2957 2969
2970 2971
2970 2972
2970 2973
2970 2974
2970 2975
2970 2976
2970 2977
2970 2978
2970 2979
2970 2980
2970 2981
2970 2983
2970 2984
2970 2985
2970 2986
3005 3006
3005 3007
3005 3008
3005 3009
3005 3010
3005 3012
3005 3013
3005 3014
3005 3015
3005 3016
3005 3017
3005 3018
3005 3019
3005 3020
3005 3021
3005 3022
3005 3023
3005 3024
3040 3041
3040 3044
3040 3046
3084 3085
3084 3086
3084 3087
3084 3088
3084 3089
3084 3090
3084 3091
3084 3092
3161 3163
3161 3164
3161 3165
3161 3166
3161 3167
3161 3168
3161 3169
3161 3170
3161 3171
3161 3172
3161 3173
3203 3204
3203 3205
3203 3206
3203 3207
3203 3208
3203 3209
3203 3210
3203 3211
3203 3212
3233 3234
3233 3235
3233 3237
3233 3238
3233 3239
3233 3240
3233 3241
3233 3242
3233 3243
3233 3244
3233 3245
3246 3247
3246 3248
3246 3249
3246 3250
3246 3251
3246 3252
3318 3319
3318 3320
3318 3321
3318 3322
3318 3323
3318 3324
3361 3363
3361 3364
3361 3365
3361 3366
3361 3367
3361 3368
3361 3369
3361 3370
3361 3371
3361 3372
3361 3373
3361 3374
3361 3375
3361 3376
3361 3377
3361 3378
3361 3379
3361 3380
3361 3381
3361 3382
3361 3383
3361 3384
3361 3385
3361 3386
3361 3387
3361 3388
3361 3389
3361 3390
3361 3391
3361 3392
3361 3393
3361 3394
3361 3395
3361 3396
3361 3397
3361 3398
3361 3399
3361 3400
3361 3402
3361 3403
3361 3404
3409 3410
3409 3411
3409 3412
3409 3413
3409 3414
3409 3415
3409 3416
3409 3417
3409 3418
3429 3430
3429 3431
3429 3432
3429 3433
3429 3434
3429 3435
3429 3436
3510 3511
3510 3512
3510 3513
3510 3514
3510 3515
3510 3516
3510 3517
3510 3518
3510 3519
3520 3521
3520 3522
3520 3523
3520 3524
3520 3525
3520 3526
3520 3527
3520 3528
3520 3529
3520 3530
3520 3531
3532 3533
3532 3534
3532 3535
3532 3536
3532 3537
3532 3538
3532 3539
3532 3540
3532 3541
3532 3542
3532 3543
3544 3545
3544 3546
3544 3547
3544 3548
3544 3549
3544 3550
3544 3551
3544 3552
3544 3553
3544 3554
3544 3555
3544 3556
3675 3676
3675 3677
3675 3678
3675 3679
3675 3680
3675 3681
3675 3682
3675 3683
3675 3684
3675 3685
3675 3686
3700 3701
3700 3702
3700 3703
3760 3761
3760 3762
3760 3763
3760 3764
3760 3765
3760 3766
3760 3767
3760 3768
3779 3780
3779 3782
3779 3783
3779 3784
3779 3786
3779 3787
3779 3788
3779 3789
3801 3802
3801 3803
3801 3804
3801 3805
3801 3806
3801 3807
3801 3808
3801 3809
3801 3810
3847 3848
3847 3849
3847 3850
3847 3851
3847 3852
3847 3853
3847 3854
3847 3855
3847 3856
3847 3857
3847 3858
3847 3859
3847 3860
3861 3862
3861 3863
3861 3864
3861 3865
3861 3866
3861 3867
3861 3868
3861 3869
3861 3870
3861 3871
3861 3872
3861 3873
3861 3874
3861 3875
3861 3876
3861 3877
3861 3878
3861 3879
3861 3880
3895 3896
3895 3897
3895 3898
3895 3899
3895 3900
3895 3901
3933 3934
3933 3935
3933 3936
3933 3937
3933 3938
3933 3939
3933 3940
3933 3941
3933 3942
3955 3956
3955 3957
3955 3958
3955 3959
3955 3960
3955 3962
3955 3963
3955 3964
3965 3967
3965 3968
3965 3969
3965 3970
3965 3971
3965 3972
3965 3973
3965 3974
3965 3975
3965 3976
3965 3977
3965 3978
3965 3979
4027 4028
4027 4029
4027 4030
4027 4031
4027 4032
4027 4033
4027 4034
4027 4035
4115 4116
4115 4117
4115 4118
4115 4119
4115 4120
4115 4121
4115 4122
4115 4123
4124 4125
4124 4126
4124 4127
4124 4128
4124 4129
4124 4130
4124 4131
4124 4132
4124 4133
4124 4134
4124 4135
4124 4136
4124 4137
4124 4138
4124 4139
4124 4140
4161 4163
4161 4164
4161 4165
4161 4166
4161 4167
4161 4168
4161 4169
4161 4170
4161 4171
4161 4172
4161 4173
4161 4174
4247 4248
4247 4249
4247 4250
4247 4251
4247 4252
4247 4253
4247 4254
4247 4255
4314 4315
4314 4316
4314 4317
4314 4318
4314 4319
4314 4320
4314 4321
4314 4322
4314 4323
4314 4324
4325 4326
4325 4327
4325 4328
4325 4329
4325 4330
4325 4331
4325 4332
4325 4333
4325 4334
4325 4335
4325 4336
4382 4383
4382 4384
4382 4385
4382 4386
4382 4387
4382 4388
4382 4389
4382 4390
4382 4391
4382 4392
4427 4428
4427 4429
4427 4430
4427 4431
4427 4432
4427 4433
4427 4434
4427 4436
4427 4438
4471 4472
4471 4473
4471 4474
4471 4475
4471 4476
4471 4477
4471 4478
4471 4479
4471 4480
4471 4481
4471 4482
4560 4561
4560 4562
4560 4564
4560 4566
4560 4568
4560 4569
4560 4571
4560 4572
4560 4573
4586 4587
4586 4588
4586 4589
4586 4590
4586 4591
4586 4592
4586 4593
4586 4594
4586 4595
4586 4596
4586 4597
4586 4598
4586 4599
4586 4600
4586 4601
4586 4602
4586 4603
4586 4604
4586 4605
4586 4606
4586 4607
4586 4608
4586 4609
4630 4631
4630 4632
4630 4633
4630 4634
4630 4635
4630 4636
4630 4637
4680 4681
4680 4682
4680 4683
4680 4684
4680 4685
4680 4686
4702 4703
4702 4704
4702 4705
4702 4706
4702 4707
4702 4708
4702 4709
4702 4710
4702 4711
4702 4712
4702 4713
4736 4737
4736 4739
4736 4740
4736 4741
4736 4742
4736 4743
4736 4744
4736 4745
4736 4746
4747 4748
4747 4749
4747 4750
4747 4751
4747 4752
4747 4753
4747 4754
4759 4760
4759 4761
4759 4762
4770 4771
4770 4772
4770 4773
4770 4774
4770 4775
4770 4776
4770 4777
4770 4778
4770 4779
4770 4780
4770 4781
4770 4782
4770 4783
4810 4811
4810 4812
4810 4813
4810 4814
4810 4815
4810 4816
4810 4817
4827 4828
4827 4829
4827 4830
4827 4831
4827 4832
4827 4833
4827 4834
4827 4835
4827 4836
4827 4837
4827 4838
4827 4839
4827 4840
4827 4841
4827 4842
4847 4848
4847 4849
4847 4850
4847 4851
4847 4852
4847 4853
4847 4854
4889 4890
4889 4891
4889 4892
4889 4894
4889 4895
4889 4896
4889 4899
4889 4900
4889 4901
4911 4912
4911 4913
4911 4914
4911 4915
4911 4916
4911 4917
4911 4918
4911 4919
4933 4934
4933 4935
4933 4936
4933 4937
4933 4938
4933 4939
4933 4940
5001 5002
5001 5003
5001 5004
5001 5005
5001 5006
5001 5007
5051 5052
5051 5053
5051 5054
5051 5055
5051 5056
5051 5057
5051 5058
5051 5059
5051 5060
5051 5061
5051 5062
5051 5063
5051 5064
5051 5065
5051 5066
5051 5067
5051 5068
5051 5069
5051 5070
5051 5071
5051 5072
5051 5073
5051 5074
5051 5075
5051 5076
5051 5077
5051 5078
5051 5079
5130 5131
5130 5132
5130 5133
5130 5134
5130 5135
5130 5136
5130 5137
5130 5138
5130 5139
5130 5140
5130 5141
5130 5142
5130 5143
5130 5144
5130 5145
5130 5146
5130 5147
5130 5148
5130 5149
5150 5151
5150 5152
5150 5153
5150 5154
5150 5155
5150 5156
5169 5170
5169 5171
5169 5172
5169 5173
5169 5174
5169 5175
5169 5176
5169 5177
5169 5178
5169 5179
5169 5180
5169 5181
5169 5182
5169 5183
5169 5184
5169 5185
5204 5205
5204 5208
5204 5209
5204 5210
5204 5211
5204 5212
5255 5256
5255 5257
5255 5258
5255 5260
5255 5261
5255 5262
5255 5263
5285 5286
5285 5287
5285 5288
5285 5289
5285 5290
5285 5291
5285 5292
5285 5293
5285 5294
5309 5310
5309 5311
5309 5312
5309 5313
5309 5314
5309 5315
5309 5316
5309 5317
5309 5318
5309 5319
5309 5320
5321 5322
5321 5323
5321 5324
5321 5325
5321 5326
5321 5327
5321 5328
5321 5329
5354 5355
5354 5356
5354 5357
5354 5358
5354 5359
5354 5360
5354 5361
5362 5363
5362 5364
5362 5365
5362 5366
5362 5367
5362 5368
5362 5370
5362 5371
5362 5372
5362 5373
5362 5374
5362 5375
5376 5377
5376 5378
5376 5379
5376 5380
5376 5381
5376 5382
5376 5383
5376 5384
5376 5385
5376 5386
5376 5387
5376 5388
5389 5390
5389 5391
5389 5392
5389 5393
5389 5394
5389 5395
5389 5396
5389 5397
5389 5398
5389 5399
5389 5400
5465 5466
5465 5467
5465 5468
5465 5469
5465 5470
5465 5471
5465 5472
5465 5473
5465 5474
5494 5495
5494 5496
5494 5497
5494 5498
5494 5499
5494 5500
5494 5501
5510 5511
5512 5513
5512 5514
5512 5515
5512 5516
5512 5517
5512 5518
5592 5593
5592 5594
5592 5595
5592 5597
5592 5598
5592 5599
5592 5600
5592 5601
5592 5602
5592 5603
5604 5605
5604 5606
5604 5607
5604 5608
5604 5609
5604 5610
5619 5621
5619 5622
5619 5623
5619 5624
5619 5625
5619 5626
5631 5632
5631 5633
5631 5634
5631 5635
5631 5636
5631 5637
5631 5638
5631 5639
5631 5640
5658 5659
5658 5660
5658 5661
5658 5662
5658 5663
5658 5664
5658 5665
5658 5666
5658 5667
5658 5668
5658 5669
5658 5670
5658 5671
5658 5672
5673 5674
5673 5675
5673 5676
5673 5677
5673 5679
5673 5680
5673 5681
5673 5682
5694 5695
5694 5696
5694 5697
5694 5698
5694 5699
5694 5700
5694 5701
5694 5702
5694 5703
5694 5704
5694 5705
5694 5706
5721 5722
5721 5723
5721 5724
5721 5725
5721 5726
5721 5727
5721 5728
5721 5729
5721 5732
5721 5733
5721 5734
5721 5735
5721 5736
5721 5737
5721 5738
5739 5740
5739 5741
5739 5742
5739 5743
5739 5744
5739 5745
5739 5746
5739 5747
5739 5748
5739 5749
5805 5806
5805 5808
5805 5809
5805 5810
5805 5811
