22 23
22 24
22 25
22 26
22 27
22 28
22 29
22 30
22 31
22 32
66 67
66 68
66 69
66 70
66 71
66 72
66 73
66 74
66 75
66 76
164 165
164 166
164 167
164 168
164 169
164 171
164 173
164 174
164 175
195 196
195 197
195 198
195 199
195 200
195 201
195 202
195 203
195 204
195 205
195 206
207 208
207 209
207 212
207 213
207 214
207 215
207 216
226 228
226 230
226 231
226 232
226 233
226 234
226 235
226 236
237 238
237 239
237 240
237 241
237 242
237 243
237 244
237 245
237 246
273 274
273 275
273 276
273 277
273 278
273 279
273 280
273 281
292 293
292 294
292 295
292 296
292 297
292 298
292 299
292 300
309 310
309 311
309 313
309 314
309 315
309 316
309 317
309 318
331 332
331 333
331 334
331 335
331 336
331 337
331 338
331 339
331 340
331 341
342 343
342 344
342 345
342 346
342 347
342 348
342 349
342 350
342 351
342 352
342 353
342 354
342 355
342 356
342 357
342 358
342 359
342 360
342 361
376 377
376 378
376 379
376 380
376 381
376 382
376 383
376 384
376 385
376 386
376 387
376 388
376 389
376 390
376 391
376 392
376 393
401 402
401 403
401 404
401 405
401 406
401 407
401 408
401 409
423 424
423 425
423 426
423 427
423 428
423 430
423 431
423 432
423 433
423 434
423 435
423 436
423 437
423 438
423 439
423 440
423 441
442 443
442 444
442 445
442 446
442 447
442 448
442 449
442 450
451 452
451 453
451 454
451 455
451 456
451 457
468 469
468 471
472 473
472 474
472 475
472 476
472 477
472 478
472 479
472 480
472 481
472 482
472 483
553 554
553 555
553 556
553 557
553 558
553 559
553 560
553 561
553 562
553 563
553 564
553 565
553 566
618 619
618 620
618 622
618 623
618 624
618 625
618 626
618 627
618 628
618 629
618 630
618 631
618 632
618 633
618 634
618 635
618 636
618 637
618 638
618 639
618 640
618 641
618 642
618 643
618 644
618 645
618 646
618 647
618 648
618 649
618 650
618 651
618 652
618 653
618 654
618 655
618 656
618 657
618 658
618 659
672 673
672 674
672 675
672 676
672 677
672 678
724 725
724 726
724 727
724 728
724 729
724 730
724 731
724 732
724 733
760 761
760 762
760 763
760 764
760 765
760 766
767 768
767 769
767 770
767 771
767 772
767 773
767 774
775 776
775 777
775 778
775 779
775 780
775 781
775 782
775 783
775 784
775 785
775 786
775 787
775 788
837 838
837 839
837 840
837 841
837 842
837 843
837 844
837 845
837 846
837 847
837 848
837 849
837 850
837 851
837 852
837 853
837 854
855 856
855 857
855 858
855 859
855 860
855 861
855 862
915 916
915 917
915 918
915 919
915 920
915 921
915 922
956 957
956 958
956 959
956 960
956 961
956 962
956 963
956 964
956 965
956 966
956 967
968 969
968 970
968 971
968 972
968 973
968 974
968 975
968 976
968 977
1023 1024
1023 1025
1023 1026
1023 1027
1023 1028
1023 1029
1023 1030
1023 1031
1023 1032
1023 1033
1023 1034
1023 1035
1050 1051
1050 1052
1050 1053
1050 1054
1050 1055
1050 1056
1050 1057
1050 1058
1050 1059
1050 1060
1050 1061
1050 1062
1050 1063
1050 1064
1050 1065
1050 1066
1050 1067
1050 1068
1069 1070
1069 1071
1069 1072
1069 1073
1069 1074
1069 1075
1069 1076
1069 1077
1069 1078
1069 1079
1069 1080
1069 1081
1069 1082
1085 1086
1085 1087
1085 1088
1085 1089
1085 1090
1085 1091
1085 1092
1085 1093
1085 1094
1085 1095
1085 1096
1085 1097
1085 1098
1085 1099
1085 1100
1085 1101
1085 1102
1085 1103
1085 1104
1085 1105
1085 1106
1085 1107
1085 1108
1085 1109
1085 1110
1085 1111
1142 1143
1142 1144
1142 1145
1142 1146
1142 1147
1142 1148
1142 1149
1171 1172
1171 1173
1171 1174
1171 1175
1171 1176
1171 1177
1171 1178
1171 1179
1171 1180
1171 1181
1171 1182
1171 1183
1223 1224
1223 1225
1223 1226
1223 1227
1223 1228
1223 1229
1223 1230
1223 1231
1223 1232
1223 1233
1223 1234
1243 1244
1243 1245
1243 1246
1243 1247
1243 1248
1243 1249
1243 1250
1243 1251
1369 1370
1369 1371
1369 1372
1369 1373
1369 1374
1369 1375
1369 1376
1369 1377
1409 1410
1409 1411
1409 1412
1409 1413
1409 1414
1409 1415
1409 1416
1409 1417
1409 1418
1409 1419
1409 1420
1421 1422
1421 1423
1421 1424
1421 1426
1421 1427
1421 1428
1421 1429
1421 1430
1421 1431
1421 1432
1433 1434
1433 1435
1433 1436
1433 1437
1433 1438
1433 1439
1433 1440
1433 1441
1577 1579
1577 1580
1668 1669
1668 1670
1668 1671
1668 1672
1668 1673
1668 1674
1668 1675
1668 1676
1668 1677
1668 1678
1686 1687
1686 1688
1686 1689
1686 1690
1686 1691
1686 1692
1686 1693
1686 1694
1686 1695
1686 1696
1686 1697
1686 1698
1686 1699
1686 1700
1730 1731
1730 1732
1730 1733
1730 1734
1730 1735
1730 1736
1730 1737
1730 1738
1730 1739
1730 1740
1730 1741
1730 1742
1792 1793
1792 1794
1792 1795
1792 1796
1792 1797
1792 1798
1792 1799
1800 1801
1800 1802
1800 1803
1800 1804
1800 1805
1800 1806
1800 1807
1800 1808
1800 1809
1800 1810
1909 1910
1909 1911
1909 1912
1909 1913
1909 1914
1909 1915
1909 1916
1909 1917
1909 1918
1909 1919
1920 1921
1920 1922
1920 1923
1920 1924
1920 1925
1920 1926
1978 1979
1978 1980
1978 1981
1978 1982
1978 1983
1978 1984
2004 2005
2004 2006
2004 2007
2004 2008
2004 2009
2004 2010
2004 2011
2004 2012
2004 2013
2004 2014
2004 2015
2004 2016
2049 2050
2049 2051
2049 2052
2049 2053
2049 2054
2049 2055
2049 2056
2049 2057
2071 2073
2071 2074
2071 2075
2071 2076
2071 2077
2071 2078
2071 2079
2071 2080
2071 2081
2071 2082
2071 2083
2071 2084
2071 2085
2097 2098
2097 2099
2097 2100
2097 2101
2097 2102
2097 2103
2097 2104
2097 2105
2097 2106
2097 2107
2097 2108
2097 2109
2097 2110
2097 2111
2097 2112
2097 2113
2097 2114
2097 2115
2097 2116
2097 2117
2097 2118
2097 2119
2167 2168
2167 2169
2167 2170
2167 2171
2167 2172
2167 2173
2167 2174
2167 2175
2167 2176
2167 2177
2167 2178
2167 2179
2167 2180
2167 2181
2167 2182
2167 2183
2167 2184
2167 2185
2167 2186
2167 2187
2167 2188
2167 2189
2167 2190
2167 2192
2167 2193
2167 2194
2167 2195
2167 2196
2167 2197
2167 2198
2167 2199
2167 2200
2238 2239
2238 2241
2238 2242
2238 2243
2238 2244
2238 2245
2238 2246
2238 2247
2238 2248
2238 2249
2238 2250
2238 2251
2252 2253
2252 2254
2252 2255
2252 2256
2252 2257
2252 2258
2252 2259
2260 2261
2260 2262
2260 2263
2260 2264
2260 2265
2260 2266
2260 2267
2268 2269
2268 2270
2268 2271
2268 2272
2268 2273
2268 2274
2268 2275
2268 2276
2277 2278
2277 2279
2277 2280
2277 2281
2277 2282
2277 2283
2277 2284
2277 2285
2277 2286
2277 2287
2292 2293
2292 2295
2292 2296
2292 2297
2292 2298
2328 2329
2328 2330
2328 2331
2350 2351
2350 2352
2350 2353
2350 2354
2350 2355
2350 2356
2350 2357
2350 2358
2350 2359
2368 2369
2368 2370
2368 2371
2368 2372
2368 2373
2368 2374
2368 2375
2368 2376
2368 2377
2368 2378
2368 2379
2368 2380
2414 2415
2414 2416
2414 2418
2414 2420
2421 2422
2421 2423
2421 2424
2421 2425
2421 2426
2421 2427
2421 2428
2445 2447
2445 2448
2445 2449
2445 2450
2445 2451
2452 2453
2452 2454
2452 2455
2452 2456
2452 2457
2452 2458
2452 2459
2452 2460
2452 2461
2469 2470
2469 2471
2469 2472
2469 2473
2469 2474
2469 2475
2469 2476
2477 2478
2477 2479
2477 2480
2477 2481
2477 2482
2477 2483
2477 2484
2503 2504
2503 2505
2503 2506
2503 2507
2503 2508
2503 2509
2503 2511
2503 2512
2503 2513
2514 2515
2514 2516
2514 2517
2514 2518
2514 2519
2514 2520
2514 2521
2514 2522
2514 2523
2539 2540
2539 2541
2539 2542
2539 2543
2539 2544
2539 2545
2539 2546
2539 2547
2539 2548
2539 2549
2550 2551
2550 2552
2550 2553
2550 2554
2550 2555
2550 2556
2550 2557
2550 2558
2572 2573
2572 2574
2572 2575
2572 2576
2572 2577
2572 2578
2572 2579
2572 2580
2609 2610
2609 2611
2609 2613
2609 2614
2609 2615
2609 2616
2609 2617
2609 2618
2609 2619
2609 2620
2609 2621
2609 2622
2609 2623
2609 2624
2609 2625
2609 2626
2609 2627
2609 2628
2609 2629
2609 2630
2609 2631
2609 2632
2609 2633
2609 2636
2609 2637
2609 2638
2609 2639
2609 2640
2609 2641
2609 2642
2609 2643
2609 2644
2609 2645
2609 2646
2609 2647
2609 2648
2609 2649
2609 2650
2609 2651
2609 2652
2609 2653
2609 2654
2609 2655
2656 2657
2656 2658
2656 2659
2656 2661
2656 2662
2656 2663
2656 2664
2656 2665
2656 2666
2656 2667
2656 2668
2656 2669
2656 2670
2656 2671
2656 2672
2656 2673
2656 2674
2656 2675
2656 2676
2739 2740
2739 2741
2739 2742
2739 2743
2739 2744
2739 2745
2739 2747
2739 2748
2739 2749
2818 2819
2818 2820
2818 2821
2818 2822
2818 2823
2818 2824
2818 2825
2818 2826
2818 2827
2818 2828
2818 2829
2818 2830
2818 2831
2818 2832
2818 2833
2818 2834
2818 2835
2818 2836
2818 2837
2818 2838
2818 2839
2818 2840
2818 2841
2818 2842
2818 2843
2818 2844
2818 2845
2818 2846
2818 2847
2914 2915
2914 2916
2914 2917
2914 2918
2914 2919
2914 2920
2914 2921
2914 2922
2914 2923
2914 2924
2914 2925
2914 2926
2914 2927
2914 2928
2914 2929
2914 2930
2914 2931
2914 2932
2914 2933
2914 2934
2914 2935
2914 2936
2914 2937
2914 2938
2914 2939
2914 2940
2949 2950
2949 2951
2949 2952
2987 2988
2987 2989
2987 2990
2987 2991
2987 2992
2987 2993
2987 2994
2987 2995
2987 2996
2987 2997
2987 2998
2987 2999
2987 3000
2987 3001
2987 3002
2987 3003
2987 3004
3051 3052
3051 3053
3051 3054
3051 3055
3051 3057
3051 3058
3051 3059
3084 3085
3084 3086
3084 3087
3084 3088
3084 3089
3084 3090
3084 3091
3084 3092
3103 3104
3103 3105
3103 3106
3103 3107
3103 3108
3103 3109
3103 3110
3103 3111
3103 3112
3103 3113
3103 3114
3103 3115
3103 3116
3103 3117
3103 3118
3103 3119
3103 3120
3103 3121
3103 3122
3103 3123
3103 3124
3103 3125
3103 3126
3103 3127
3103 3128
3103 3129
3103 3130
3103 3131
3103 3132
3141 3142
3141 3143
3141 3144
3141 3145
3141 3146
3141 3147
3148 3149
3148 3150
3148 3151
3148 3152
3148 3153
3148 3154
3148 3155
3148 3156
3148 3157
3148 3158
3148 3159
3148 3160
3213 3214
3213 3215
3213 3216
3213 3217
3213 3218
3213 3219
3213 3220
3213 3221
3213 3222
3213 3223
3213 3224
3225 3226
3225 3227
3225 3228
3225 3229
3225 3230
3225 3231
3225 3232
3253 3254
3253 3255
3253 3256
3253 3257
3253 3258
3253 3259
3253 3260
3253 3261
3253 3262
3263 3265
3263 3266
3263 3267
3263 3268
3263 3269
3263 3270
3263 3271
3263 3272
3263 3273
3287 3288
3287 3289
3287 3290
3287 3291
3287 3292
3287 3294
3287 3295
3287 3296
3287 3297
3287 3298
3299 3300
3299 3301
3299 3302
3299 3303
3299 3304
3299 3305
3299 3306
3299 3307
3299 3308
3325 3326
3325 3327
3325 3328
3325 3329
3325 3330
3325 3331
3325 3332
3325 3333
3325 3334
3343 3344
3343 3345
3343 3346
3343 3347
3343 3348
3343 3349
3343 3350
3343 3351
3343 3352
3361 3363
3361 3364
3361 3365
3361 3366
3361 3367
3361 3368
3361 3369
3361 3370
3361 3371
3361 3372
3361 3373
3361 3374
3361 3375
3361 3376
3361 3377
3361 3378
3361 3379
3361 3380
3361 3381
3361 3382
3361 3383
3361 3384
3361 3385
3361 3386
3361 3387
3361 3388
3361 3389
3361 3390
3361 3391
3361 3392
3361 3393
3361 3394
3361 3395
3361 3396
3361 3397
3361 3398
3361 3399
3361 3400
3361 3402
3361 3403
3361 3404
3405 3406
3405 3407
3405 3408
3409 3410
3409 3411
3409 3412
3409 3413
3409 3414
3409 3415
3409 3416
3409 3417
3409 3418
3419 3420
3419 3422
3419 3423
3419 3424
3419 3425
3419 3426
3419 3427
3419 3428
3437 3438
3437 3439
3437 3440
3437 3441
3437 3442
3437 3443
3437 3444
3437 3445
3437 3446
3489 3490
3489 3491
3489 3492
3489 3493
3489 3494
3489 3495
3489 3496
3489 3497
3489 3498
3489 3499
3489 3500
3489 3501
3489 3502
3489 3503
3489 3504
3489 3505
3489 3506
3489 3507
3489 3508
3489 3509
3571 3572
3571 3573
3571 3574
3571 3575
3571 3576
3571 3577
3571 3578
3571 3579
3571 3580
3571 3581
3592 3593
3592 3594
3592 3595
3592 3596
3592 3597
3592 3598
3592 3599
3615 3616
3615 3617
3615 3618
3615 3619
3615 3620
3615 3621
3615 3622
3615 3623
3615 3624
3615 3625
3615 3626
3615 3627
3615 3628
3615 3629
3615 3630
3615 3631
3615 3632
3615 3633
3615 3634
3615 3635
3615 3636
3615 3637
3638 3639
3638 3641
3638 3642
3638 3643
3638 3644
3638 3645
3638 3646
3638 3647
3648 3649
3648 3650
3648 3652
3648 3653
3648 3654
3648 3655
3648 3656
3675 3676
3675 3677
3675 3678
3675 3679
3675 3680
3675 3681
3675 3682
3675 3683
3675 3684
3675 3685
3675 3686
3687 3688
3687 3689
3687 3690
3687 3691
3687 3692
3687 3693
3687 3694
3687 3695
3700 3701
3700 3702
3700 3703
3769 3770
3769 3771
3769 3772
3769 3773
3769 3774
3769 3775
3769 3776
3769 3777
3769 3778
3847 3848
3847 3849
3847 3850
3847 3851
3847 3852
3847 3853
3847 3854
3847 3855
3847 3856
3847 3857
3847 3858
3847 3859
3847 3860
3881 3882
3881 3883
3881 3884
3881 3885
3881 3886
3881 3887
3881 3888
3881 3889
3881 3890
3881 3891
3881 3892
3881 3893
3881 3894
3902 3903
3902 3904
3902 3905
3902 3906
3902 3907
3902 3908
3902 3909
3902 3910
3902 3911
3902 3912
3913 3914
3913 3915
3913 3916
3913 3917
3913 3918
3913 3919
3913 3920
3913 3921
3913 3922
3913 3923
3943 3944
3943 3945
3943 3946
3943 3947
3943 3948
3943 3949
3943 3950
3943 3951
3943 3952
3943 3953
3943 3954
3980 3981
3980 3982
3980 3983
3980 3984
3980 3985
3980 3986
3980 3987
3980 3988
3980 3989
3980 3990
3980 3991
4005 4006
4005 4007
4005 4008
4005 4009
4005 4010
4005 4011
4005 4012
4115 4116
4115 4117
4115 4118
4115 4119
4115 4120
4115 4121
4115 4122
4115 4123
4124 4125
4124 4126
4124 4127
4124 4128
4124 4129
4124 4130
4124 4131
4124 4132
4124 4133
4124 4134
4124 4135
4124 4136
4124 4137
4124 4138
4124 4139
4124 4140
4141 4142
4141 4143
4141 4144
4141 4145
4141 4146
4141 4147
4141 4148
4141 4149
4141 4150
4179 4180
4179 4181
4179 4183
4179 4184
4179 4185
4179 4186
4179 4187
4179 4188
4189 4190
4189 4191
4189 4192
4189 4193
4189 4194
4189 4195
4189 4196
4189 4197
4247 4248
4247 4249
4247 4250
4247 4251
4247 4252
4247 4253
4247 4254
4247 4255
4325 4326
4325 4327
4325 4328
4325 4329
4325 4330
4325 4331
4325 4332
4325 4333
4325 4334
4325 4335
4325 4336
4337 4338
4337 4339
4337 4340
4337 4341
4337 4342
4337 4343
4337 4344
4337 4345
4337 4346
4337 4347
4337 4348
4349 4350
4349 4352
4349 4353
4349 4354
4349 4355
4349 4356
4357 4358
4357 4359
4357 4360
4357 4361
4357 4362
4357 4363
4357 4364
4357 4365
4382 4383
4382 4384
4382 4385
4382 4386
4382 4387
4382 4388
4382 4389
4382 4390
4382 4391
4382 4392
4405 4406
4405 4407
4405 4408
4405 4409
4405 4410
4405 4411
4405 4412
4405 4413
4405 4414
4405 4415
4405 4416
4405 4417
4405 4418
4471 4472
4471 4473
4471 4474
4471 4475
4471 4476
4471 4477
4471 4478
4471 4479
4471 4480
4471 4481
4471 4482
4524 4526
4524 4527
4524 4528
4524 4529
4524 4530
4524 4531
4524 4532
4524 4533
4524 4534
4535 4536
4535 4537
4535 4538
4535 4539
4535 4540
4535 4541
4535 4542
4535 4543
4535 4544
4535 4545
4535 4546
4535 4547
4535 4548
4535 4549
4535 4550
4630 4631
4630 4632
4630 4633
4630 4634
4630 4635
4630 4636
4630 4637
4650 4651
4650 4652
4650 4653
4650 4654
4650 4655
4650 4657
4650 4658
4650 4659
4650 4661
4650 4662
4650 4663
4650 4664
4650 4665
4650 4666
4687 4688
4687 4689
4687 4690
4687 4691
4687 4692
4687 4693
4687 4694
4687 4695
4687 4696
4687 4697
4687 4698
4687 4699
4687 4700
4687 4701
4702 4703
4702 4704
4702 4705
4702 4706
4702 4707
4702 4708
4702 4709
4702 4710
4702 4711
4702 4712
4702 4713
4736 4737
4736 4739
4736 4740
4736 4741
4736 4742
4736 4743
4736 4744
4736 4745
4736 4746
4763 4764
4763 4766
4763 4767
4763 4768
4763 4769
4770 4771
4770 4772
4770 4773
4770 4774
4770 4775
4770 4776
4770 4777
4770 4778
4770 4779
4770 4780
4770 4781
4770 4782
4770 4783
4784 4785
4784 4786
4784 4787
4784 4788
4784 4789
4784 4790
4784 4791
4784 4793
4784 4796
4784 4797
4784 4798
4784 4799
4784 4800
4784 4801
4784 4802
4784 4803
4784 4804
4784 4805
4784 4806
4784 4807
4784 4808
4784 4809
4855 4856
4855 4857
4855 4858
4855 4859
4855 4860
4855 4861
4855 4862
4855 4864
4855 4865
4855 4866
4855 4867
4855 4868
4855 4869
4855 4870
4855 4871
4855 4872
4855 4873
4855 4874
4855 4875
4965 4966
4965 4967
4965 4968
4965 4969
4965 4970
4965 4971
4965 4972
4965 4973
4965 4974
4965 4975
4983 4984
4983 4985
4983 4986
4983 4987
4983 4988
4983 4989
4983 4990
4983 4991
4983 4992
4983 4993
4983 4994
4983 4995
4983 4996
4997 4998
4997 4999
4997 5000
5029 5030
5029 5031
5029 5032
5029 5033
5029 5034
5029 5035
5029 5036
5029 5039
5029 5040
5029 5041
5029 5042
5095 5096
5095 5098
5095 5099
5095 5100
5095 5101
5095 5102
5095 5103
5095 5104
5095 5105
5095 5106
5095 5107
5095 5108
5095 5109
5095 5110
5095 5111
5095 5112
5095 5113
5095 5114
5115 5116
5115 5117
5115 5118
5115 5119
5115 5120
5115 5121
5115 5122
5115 5123
5115 5124
5115 5125
5115 5126
5115 5127
5115 5128
5115 5129
5204 5205
5204 5208
5204 5209
5204 5210
5204 5211
5204 5212
5213 5214
5213 5215
5213 5216
5213 5217
5213 5218
5213 5219
5213 5220
5213 5221
5213 5222
5223 5224
5223 5225
5223 5226
5223 5227
5223 5228
5223 5229
5223 5230
5223 5231
5243 5244
5243 5245
5243 5246
5243 5247
5243 5248
5243 5249
5243 5250
5243 5251
5243 5252
5243 5253
5243 5254
5295 5296
5330 5331
5330 5332
5330 5333
5330 5334
5330 5335
5330 5336
5330 5337
5330 5338
5354 5355
5354 5356
5354 5357
5354 5358
5354 5359
5354 5360
5354 5361
5432 5433
5432 5434
5432 5435
5432 5436
5432 5437
5432 5438
5432 5439
5432 5440
5432 5441
5432 5442
5475 5476
5475 5477
5475 5478
5475 5479
5475 5481
5475 5482
5475 5483
5502 5503
5502 5504
5502 5505
5502 5506
5502 5507
5502 5508
5502 5509
5519 5520
5519 5521
5519 5522
5519 5523
5519 5524
5519 5525
5519 5526
5519 5527
5519 5528
5519 5529
5604 5605
5604 5606
5604 5607
5604 5608
5604 5609
5604 5610
5641 5642
5641 5643
5641 5644
5641 5645
5641 5646
5641 5647
5641 5648
5641 5649
5641 5650
5641 5651
5641 5652
5641 5653
5654 5655
5654 5656
5654 5657
5694 5695
5694 5696
5694 5697
5694 5698
5694 5699
5694 5700
5694 5701
5694 5702
5694 5703
5694 5704
5694 5705
5694 5706
5812 5813
5812 5815
5812 5816
5812 5817
5812 5818
5812 5819
5812 5820
5812 5821
5822 5823
5822 5824
5822 5825
5822 5826
5822 5827
5822 5828
5822 5829
5822 5830
5822 5831
5822 5832
5822 5833
5822 5834
