109 110
109 111
109 112
109 113
109 114
109 115
109 116
109 117
109 118
109 119
109 120
109 121
109 122
109 123
109 124
164 165
164 166
164 167
164 168
164 169
164 171
164 173
164 174
164 175
187 188
187 189
187 190
187 191
187 192
187 193
187 194
207 208
207 209
207 212
207 213
207 214
207 215
207 216
226 228
226 230
226 231
226 232
226 233
226 234
226 235
226 236
237 238
237 239
237 240
237 241
237 242
237 243
237 244
237 245
237 246
273 274
273 275
273 276
273 277
273 278
273 279
273 280
273 281
292 293
292 294
292 295
292 296
292 297
292 298
292 299
292 300
309 310
309 311
309 313
309 314
309 315
309 316
309 317
309 318
319 320
319 321
319 322
319 323
319 324
319 325
319 326
319 327
319 328
319 329
319 330
331 332
331 333
331 334
331 335
331 336
331 337
331 338
331 339
331 340
331 341
342 343
342 344
342 345
342 346
342 347
342 348
342 349
342 350
342 351
342 352
342 353
342 354
342 355
342 356
342 357
342 358
342 359
342 360
342 361
376 377
376 378
376 379
376 380
376 381
376 382
376 383
376 384
376 385
376 386
376 387
376 388
376 389
376 390
376 391
376 392
376 393
394 395
394 396
394 397
394 398
394 399
394 400
401 402
401 403
401 404
401 405
401 406
401 407
401 408
401 409
410 411
410 412
410 413
410 414
410 415
410 416
410 417
410 418
410 419
410 420
410 421
410 422
458 459
458 460
458 461
458 462
458 463
458 464
458 465
458 466
458 467
520 521
520 522
520 523
520 524
520 525
520 526
520 527
520 528
529 530
529 531
529 532
529 533
529 534
529 535
529 536
529 537
538 539
538 540
538 541
538 543
538 544
538 545
538 546
538 547
538 548
538 549
538 550
538 551
538 552
599 601
599 602
599 603
599 604
599 605
599 606
599 607
599 608
599 609
599 610
599 611
599 612
599 613
599 614
599 615
599 616
599 617
618 619
618 620
618 622
618 623
618 624
618 625
618 626
618 627
618 628
618 629
618 630
618 631
618 632
618 633
618 634
618 635
618 636
618 637
618 638
618 639
618 640
618 641
618 642
618 643
618 644
618 645
618 646
618 647
618 648
618 649
618 650
618 651
618 652
618 653
618 654
618 655
618 656
618 657
618 658
618 659
660 661
660 662
660 663
660 664
660 665
660 666
660 667
660 668
660 669
660 670
660 671
715 716
715 717
715 718
715 719
715 720
715 721
715 722
715 723
724 725
724 726
724 727
724 728
724 729
724 730
724 731
724 732
724 733
734 735
734 736
734 737
734 738
734 739
734 740
734 741
734 742
734 743
734 744
734 745
734 746
775 776
775 777
775 778
775 779
775 780
775 781
775 782
775 783
775 784
775 785
775 786
775 787
775 788
789 790
789 791
789 793
789 794
789 795
789 797
789 798
789 799
789 800
789 801
789 802
789 803
789 804
789 805
789 806
789 807
789 808
789 809
789 810
789 811
789 812
821 822
821 823
821 824
821 825
821 826
821 827
821 828
872 873
872 874
872 875
872 876
872 877
872 878
879 880
879 881
879 882
879 883
879 884
879 885
879 886
879 887
915 916
915 917
915 918
915 919
915 920
915 921
915 922
948 949
948 950
948 951
948 952
948 953
948 954
948 955
956 957
956 958
956 959
956 960
956 961
956 962
956 963
956 964
956 965
956 966
956 967
978 979
978 980
978 981
978 982
978 983
978 984
978 985
986 987
986 988
986 989
986 990
986 991
986 992
986 993
986 994
986 995
986 997
986 998
986 1000
986 1001
986 1002
986 1003
986 1004
986 1005
986 1006
986 1007
986 1008
986 1009
986 1010
986 1011
986 1012
986 1013
986 1014
1023 1024
1023 1025
1023 1026
1023 1027
1023 1028
1023 1029
1023 1030
1023 1031
1023 1032
1023 1033
1023 1034
1023 1035
1085 1086
1085 1087
1085 1088
1085 1089
1085 1090
1085 1091
1085 1092
1085 1093
1085 1094
1085 1095
1085 1096
1085 1097
1085 1098
1085 1099
1085 1100
1085 1101
1085 1102
1085 1103
1085 1104
1085 1105
1085 1106
1085 1107
1085 1108
1085 1109
1085 1110
1085 1111
1112 1113
1112 1114
1112 1115
1112 1116
1112 1117
1112 1118
1112 1119
1112 1120
1112 1121
1112 1122
1142 1143
1142 1144
1142 1145
1142 1146
1142 1147
1142 1148
1142 1149
1171 1172
1171 1173
1171 1174
1171 1175
1171 1176
1171 1177
1171 1178
1171 1179
1171 1180
1171 1181
1171 1182
1171 1183
1191 1192
1191 1193
1191 1194
1191 1195
1191 1196
1191 1197
1191 1198
1191 1199
1191 1200
1191 1201
1191 1202
1191 1203
1191 1204
1294 1295
1294 1296
1294 1297
1294 1298
1294 1299
1294 1300
1294 1301
1294 1302
1294 1303
1294 1304
1294 1305
1294 1306
1294 1307
1294 1308
1294 1309
1294 1310
1294 1311
1312 1313
1312 1314
1312 1315
1312 1316
1312 1317
1312 1318
1312 1319
1312 1320
1312 1321
1312 1322
1312 1323
1312 1324
1325 1326
1325 1327
1325 1328
1325 1329
1325 1330
1325 1331
1325 1332
1325 1333
1325 1334
1325 1335
1325 1336
1325 1337
1325 1338
1325 1339
1325 1340
1325 1341
1325 1342
1325 1343
1325 1344
1325 1345
1325 1346
1325 1347
1325 1348
1325 1349
1325 1350
1325 1351
1325 1352
1325 1353
1325 1354
1325 1355
1325 1356
1325 1357
1325 1358
1325 1359
1325 1360
1325 1361
1325 1362
1325 1363
1325 1364
1325 1365
1325 1366
1325 1367
1325 1368
1378 1379
1378 1380
1378 1381
1378 1382
1378 1383
1378 1384
1378 1385
1378 1386
1395 1396
1395 1397
1395 1398
1395 1399
1395 1400
1395 1401
1395 1402
1395 1403
1395 1404
1395 1405
1395 1406
1395 1407
1395 1408
1550 1552
1550 1553
1550 1554
1550 1555
1550 1556
1577 1579
1577 1580
1600 1601
1600 1602
1600 1603
1600 1604
1600 1605
1600 1606
1614 1616
1614 1618
1614 1619
1614 1620
1614 1621
1614 1622
1614 1623
1614 1624
1614 1625
1614 1626
1614 1627
1614 1628
1614 1629
1614 1630
1614 1631
1632 1633
1632 1634
1632 1635
1632 1636
1632 1637
1632 1638
1632 1639
1640 1641
1640 1642
1640 1643
1640 1644
1640 1645
1640 1646
1640 1647
1721 1722
1721 1723
1721 1724
1721 1725
1721 1726
1721 1727
1721 1728
1721 1729
1730 1731
1730 1732
1730 1733
1730 1734
1730 1735
1730 1736
1730 1737
1730 1738
1730 1739
1730 1740
1730 1741
1730 1742
1783 1784
1783 1785
1783 1786
1783 1787
1783 1788
1783 1789
1783 1790
1783 1791
1800 1801
1800 1802
1800 1803
1800 1804
1800 1805
1800 1806
1800 1807
1800 1808
1800 1809
1800 1810
1811 1812
1811 1813
1811 1814
1811 1815
1811 1816
1811 1817
1811 1818
1811 1819
1811 1820
1811 1821
1811 1822
1811 1823
1811 1825
1811 1827
1811 1828
1811 1829
1811 1830
1811 1831
1811 1832
1811 1833
1811 1834
1811 1835
1811 1836
1811 1837
1811 1838
1811 1839
1811 1840
1811 1841
1811 1842
1811 1843
1811 1844
1811 1845
1811 1846
1811 1847
1811 1848
1811 1849
1811 1850
1811 1851
1811 1852
1811 1853
1811 1854
1811 1855
1811 1856
1811 1857
1811 1858
1811 1859
1811 1860
1881 1882
1881 1883
1881 1884
1885 1886
1885 1887
1885 1888
1885 1889
1885 1890
1885 1891
1885 1892
1885 1893
1885 1894
1885 1895
1885 1896
1885 1897
1885 1898
1885 1899
1885 1900
1885 1901
1885 1902
1885 1903
1885 1904
1885 1905
1885 1906
1885 1907
1885 1908
1957 1958
1957 1959
1957 1960
1957 1961
1957 1964
1957 1965
1957 1966
1985 1986
1985 1987
1985 1988
1985 1989
1985 1990
1985 1991
1985 1992
1985 1993
1985 1994
1985 1995
2030 2031
2030 2032
2030 2033
2030 2034
2030 2035
2030 2036
2030 2037
2030 2038
2030 2039
2030 2041
2030 2042
2030 2043
2030 2044
2030 2045
2030 2046
2030 2047
2030 2048
2058 2059
2058 2060
2058 2061
2058 2062
2058 2063
2058 2064
2058 2065
2058 2066
2058 2067
2058 2068
2058 2069
2058 2070
2071 2073
2071 2074
2071 2075
2071 2076
2071 2077
2071 2078
2071 2079
2071 2080
2071 2081
2071 2082
2071 2083
2071 2084
2071 2085
2167 2168
2167 2169
2167 2170
2167 2171
2167 2172
2167 2173
2167 2174
2167 2175
2167 2176
2167 2177
2167 2178
2167 2179
2167 2180
2167 2181
2167 2182
2167 2183
2167 2184
2167 2185
2167 2186
2167 2187
2167 2188
2167 2189
2167 2190
2167 2192
2167 2193
2167 2194
2167 2195
2167 2196
2167 2197
2167 2198
2167 2199
2167 2200
2220 2221
2220 2222
2220 2223
2220 2224
2220 2225
2220 2226
2220 2227
2220 2228
2220 2229
2220 2230
2220 2231
2220 2232
2220 2233
2220 2234
2220 2235
2220 2236
2220 2237
2238 2239
2238 2241
2238 2242
2238 2243
2238 2244
2238 2245
2238 2246
2238 2247
2238 2248
2238 2249
2238 2250
2238 2251
2260 2261
2260 2262
2260 2263
2260 2264
2260 2265
2260 2266
2260 2267
2288 2290
2288 2291
2292 2293
2292 2295
2292 2296
2292 2297
2292 2298
2299 2300
2299 2301
2299 2302
2299 2303
2299 2304
2299 2305
2299 2306
2299 2307
2299 2308
2299 2309
2310 2311
2310 2312
2310 2313
2405 2406
2405 2407
2405 2408
2405 2409
2405 2410
2405 2411
2405 2412
2405 2413
2414 2415
2414 2416
2414 2418
2414 2420
2437 2438
2437 2439
2437 2440
2437 2441
2437 2442
2437 2443
2437 2444
2462 2463
2462 2465
2462 2466
2462 2467
2462 2468
2572 2573
2572 2574
2572 2575
2572 2576
2572 2577
2572 2578
2572 2579
2572 2580
2581 2582
2581 2583
2581 2584
2581 2585
2581 2586
2581 2587
2581 2588
2581 2589
2581 2590
2581 2591
2592 2593
2592 2594
2592 2595
2592 2596
2592 2597
2592 2598
2592 2599
2600 2602
2600 2603
2600 2605
2600 2606
2600 2607
2600 2608
2609 2610
2609 2611
2609 2613
2609 2614
2609 2615
2609 2616
2609 2617
2609 2618
2609 2619
2609 2620
2609 2621
2609 2622
2609 2623
2609 2624
2609 2625
2609 2626
2609 2627
2609 2628
2609 2629
2609 2630
2609 2631
2609 2632
2609 2633
2609 2636
2609 2637
2609 2638
2609 2639
2609 2640
2609 2641
2609 2642
2609 2643
2609 2644
2609 2645
2609 2646
2609 2647
2609 2648
2609 2649
2609 2650
2609 2651
2609 2652
2609 2653
2609 2654
2609 2655
2656 2657
2656 2658
2656 2659
2656 2661
2656 2662
2656 2663
2656 2664
2656 2665
2656 2666
2656 2667
2656 2668
2656 2669
2656 2670
2656 2671
2656 2672
2656 2673
2656 2674
2656 2675
2656 2676
2677 2678
2677 2679
2677 2680
2677 2681
2677 2682
2677 2683
2677 2684
2677 2685
2677 2686
2696 2697
2696 2698
2696 2699
2696 2700
2696 2701
2696 2702
2696 2703
2696 2704
2696 2705
2696 2706
2739 2740
2739 2741
2739 2742
2739 2743
2739 2744
2739 2745
2739 2747
2739 2748
2739 2749
2761 2762
2761 2763
2761 2764
2761 2765
2761 2766
2761 2767
2768 2769
2768 2770
2768 2771
2768 2772
2768 2773
2768 2774
2807 2808
2807 2809
2807 2810
2859 2860
2859 2861
2859 2862
2859 2863
2859 2864
2859 2865
2859 2866
2859 2867
2859 2868
2859 2869
2870 2871
2870 2872
2870 2873
2870 2874
2870 2875
2870 2876
2870 2877
2870 2878
2870 2879
2870 2880
2870 2881
2870 2882
2870 2883
2870 2884
2870 2885
2870 2886
2870 2887
2870 2888
2870 2889
2870 2890
2870 2891
2870 2892
2870 2893
2870 2894
2870 2895
2870 2896
2870 2897
2949 2950
2949 2951
2949 2952
3025 3026
3025 3027
3025 3028
3029 3030
3029 3031
3029 3032
3029 3033
3029 3034
3029 3035
3029 3036
3029 3037
3029 3038
3029 3039
3040 3041
3040 3044
3040 3046
3103 3104
3103 3105
3103 3106
3103 3107
3103 3108
3103 3109
3103 3110
3103 3111
3103 3112
3103 3113
3103 3114
3103 3115
3103 3116
3103 3117
3103 3118
3103 3119
3103 3120
3103 3121
3103 3122
3103 3123
3103 3124
3103 3125
3103 3126
3103 3127
3103 3128
3103 3129
3103 3130
3103 3131
3103 3132
3161 3163
3161 3164
3161 3165
3161 3166
3161 3167
3161 3168
3161 3169
3161 3170
3161 3171
3161 3172
3161 3173
3174 3175
3174 3176
3174 3177
3174 3178
3174 3179
3174 3180
3174 3181
3174 3182
3174 3183
3174 3184
3174 3185
3174 3186
3174 3187
3174 3188
3174 3189
3174 3190
3174 3191
3174 3192
3174 3193
3174 3194
3174 3195
3174 3196
3174 3197
3174 3199
3174 3200
3174 3201
3174 3202
3203 3204
3203 3205
3203 3206
3203 3207
3203 3208
3203 3209
3203 3210
3203 3211
3203 3212
3246 3247
3246 3248
3246 3249
3246 3250
3246 3251
3246 3252
3263 3265
3263 3266
3263 3267
3263 3268
3263 3269
3263 3270
3263 3271
3263 3272
3263 3273
3335 3336
3335 3338
3335 3339
3335 3340
3335 3341
3335 3342
3405 3406
3405 3407
3405 3408
3437 3438
3437 3439
3437 3440
3437 3441
3437 3442
3437 3443
3437 3444
3437 3445
3437 3446
3480 3481
3480 3482
3480 3483
3480 3484
3480 3485
3480 3486
3480 3487
3480 3488
3571 3572
3571 3573
3571 3574
3571 3575
3571 3576
3571 3577
3571 3578
3571 3579
3571 3580
3571 3581
3592 3593
3592 3594
3592 3595
3592 3596
3592 3597
3592 3598
3592 3599
3664 3665
3664 3666
3664 3667
3664 3668
3664 3669
3664 3670
3664 3671
3664 3672
3664 3673
3664 3674
3675 3676
3675 3677
3675 3678
3675 3679
3675 3680
3675 3681
3675 3682
3675 3683
3675 3684
3675 3685
3675 3686
3722 3723
3722 3724
3722 3725
3722 3726
3722 3727
3722 3728
3729 3730
3729 3732
3729 3733
3729 3735
3729 3737
3729 3738
3729 3739
3729 3740
3729 3741
3729 3742
3729 3743
3729 3744
3756 3757
3756 3758
3756 3759
3760 3761
3760 3762
3760 3763
3760 3764
3760 3765
3760 3766
3760 3767
3760 3768
3779 3780
3779 3782
3779 3783
3779 3784
3779 3786
3779 3787
3779 3788
3779 3789
3811 3812
3811 3813
3811 3814
3811 3815
3811 3816
3811 3817
3811 3818
3811 3819
3811 3820
3811 3821
3861 3862
3861 3863
3861 3864
3861 3865
3861 3866
3861 3867
3861 3868
3861 3869
3861 3870
3861 3871
3861 3872
3861 3873
3861 3874
3861 3875
3861 3876
3861 3877
3861 3878
3861 3879
3861 3880
3895 3896
3895 3897
3895 3898
3895 3899
3895 3900
3895 3901
3902 3903
3902 3904
3902 3905
3902 3906
3902 3907
3902 3908
3902 3909
3902 3910
3902 3911
3902 3912
3980 3981
3980 3982
3980 3983
3980 3984
3980 3985
3980 3986
3980 3987
3980 3988
3980 3989
3980 3990
3980 3991
4082 4083
4082 4084
4082 4085
4082 4086
4082 4087
4082 4088
4089 4090
4089 4091
4089 4092
4089 4093
4089 4094
4089 4095
4089 4096
4089 4097
4089 4098
4089 4099
4089 4100
4089 4101
4089 4102
4089 4103
4089 4104
4089 4105
4089 4106
4089 4107
4089 4108
4089 4109
4089 4110
4089 4111
4089 4112
4089 4113
4089 4114
4115 4116
4115 4117
4115 4118
4115 4119
4115 4120
4115 4121
4115 4122
4115 4123
4175 4177
4175 4178
4208 4209
4208 4210
4208 4211
4208 4212
4208 4213
4208 4214
4208 4215
4208 4216
4208 4217
4208 4218
4208 4219
4208 4220
4208 4221
4222 4223
4222 4224
4222 4225
4222 4226
4222 4227
4222 4228
4222 4229
4222 4230
4222 4231
4232 4233
4232 4234
4232 4235
4232 4236
4232 4237
4232 4238
4232 4239
4232 4240
4232 4241
4232 4242
4232 4243
4232 4244
4232 4245
4232 4246
4265 4266
4265 4268
4265 4269
4265 4270
4265 4271
4265 4272
4265 4274
4265 4275
4265 4276
4265 4277
4265 4278
4325 4326
4325 4327
4325 4328
4325 4329
4325 4330
4325 4331
4325 4332
4325 4333
4325 4334
4325 4335
4325 4336
4357 4358
4357 4359
4357 4360
4357 4361
4357 4362
4357 4363
4357 4364
4357 4365
4393 4394
4393 4395
4393 4396
4393 4397
4393 4398
4393 4399
4393 4400
4393 4401
4393 4402
4393 4403
4393 4404
4427 4428
4427 4429
4427 4430
4427 4431
4427 4432
4427 4433
4427 4434
4427 4436
4427 4438
4535 4536
4535 4537
4535 4538
4535 4539
4535 4540
4535 4541
4535 4542
4535 4543
4535 4544
4535 4545
4535 4546
4535 4547
4535 4548
4535 4549
4535 4550
4551 4552
4551 4554
4551 4556
4551 4557
4551 4558
4551 4559
4630 4631
4630 4632
4630 4633
4630 4634
4630 4635
4630 4636
4630 4637
4667 4668
4667 4669
4667 4670
4687 4688
4687 4689
4687 4690
4687 4691
4687 4692
4687 4693
4687 4694
4687 4695
4687 4696
4687 4697
4687 4698
4687 4699
4687 4700
4687 4701
4726 4728
4726 4730
4726 4731
4726 4732
4726 4733
4726 4734
4726 4735
4755 4757
4755 4758
4763 4764
4763 4766
4763 4767
4763 4768
4763 4769
4770 4771
4770 4772
4770 4773
4770 4774
4770 4775
4770 4776
4770 4777
4770 4778
4770 4779
4770 4780
4770 4781
4770 4782
4770 4783
4818 4819
4818 4820
4818 4821
4818 4822
4818 4823
4818 4824
4818 4825
4818 4826
4876 4878
4876 4879
4876 4880
4876 4881
4876 4882
4876 4883
4876 4884
4876 4885
4876 4886
4876 4887
4876 4888
4920 4921
4920 4922
4920 4923
4920 4924
4920 4925
4920 4926
4920 4927
4920 4928
4920 4929
4920 4930
4920 4931
4920 4932
5020 5022
5020 5023
5020 5024
5020 5025
5020 5026
5020 5027
5020 5028
5029 5030
5029 5031
5029 5032
5029 5033
5029 5034
5029 5035
5029 5036
5029 5039
5029 5040
5029 5041
5029 5042
5043 5044
5043 5045
5043 5046
5043 5047
5043 5048
5043 5049
5043 5050
5150 5151
5150 5152
5150 5153
5150 5154
5150 5155
5150 5156
5169 5170
5169 5171
5169 5172
5169 5173
5169 5174
5169 5175
5169 5176
5169 5177
5169 5178
5169 5179
5169 5180
5169 5181
5169 5182
5169 5183
5169 5184
5169 5185
5213 5214
5213 5215
5213 5216
5213 5217
5213 5218
5213 5219
5213 5220
5213 5221
5213 5222
5264 5265
5264 5267
5264 5268
5264 5269
5264 5270
5264 5271
5264 5272
5285 5286
5285 5287
5285 5288
5285 5289
5285 5290
5285 5291
5285 5292
5285 5293
5285 5294
5295 5296
5330 5331
5330 5332
5330 5333
5330 5334
5330 5335
5330 5336
5330 5337
5330 5338
5362 5363
5362 5364
5362 5365
5362 5366
5362 5367
5362 5368
5362 5370
5362 5371
5362 5372
5362 5373
5362 5374
5362 5375
5416 5418
5416 5419
5416 5420
5416 5421
5416 5422
5416 5423
5416 5424
5416 5425
5416 5426
5416 5427
5416 5428
5416 5429
5416 5430
5416 5431
5453 5454
5453 5455
5453 5456
5453 5457
5453 5458
5453 5459
5453 5460
5453 5461
5453 5462
5453 5463
5453 5464
5494 5495
5494 5496
5494 5497
5494 5498
5494 5499
5494 5500
5494 5501
5604 5605
5604 5606
5604 5607
5604 5608
5604 5609
5604 5610
5631 5632
5631 5633
5631 5634
5631 5635
5631 5636
5631 5637
5631 5638
5631 5639
5631 5640
5641 5642
5641 5643
5641 5644
5641 5645
5641 5646
5641 5647
5641 5648
5641 5649
5641 5650
5641 5651
5641 5652
5641 5653
5654 5655
5654 5656
5654 5657
5721 5722
5721 5723
5721 5724
5721 5725
5721 5726
5721 5727
5721 5728
5721 5729
5721 5732
5721 5733
5721 5734
5721 5735
5721 5736
5721 5737
5721 5738
5750 5751
5750 5752
5750 5753
5754 5756
5754 5757
5754 5759
5754 5761
5762 5763
5762 5764
5762 5765
5762 5766
5762 5767
5762 5768
5762 5769
5762 5770
5762 5771
5762 5772
5762 5773
5762 5774
5762 5775
5762 5776
5762 5777
5762 5778
5762 5779
5762 5780
5762 5781
5762 5782
5762 5783
5762 5784
5762 5785
5762 5786
5762 5787
5762 5788
5762 5789
5762 5790
5762 5791
5762 5792
5762 5793
5794 5795
5794 5796
5794 5797
5794 5798
5794 5799
5794 5800
5794 5801
5794 5802
5794 5803
5794 5804
5812 5813
5812 5815
5812 5816
5812 5817
5812 5818
5812 5819
5812 5820
5812 5821
