0 1
0 2
0 5
0 6
0 7
0 8
0 9
0 10
43 44
43 45
43 46
43 47
43 48
43 49
43 50
43 51
43 52
43 53
43 54
55 56
55 57
55 58
55 59
55 60
55 61
55 62
55 63
55 64
55 65
91 92
91 97
91 98
91 99
91 100
91 102
91 103
91 104
91 105
91 106
91 107
91 108
146 147
146 148
146 149
146 150
146 151
146 152
146 153
146 154
146 155
146 156
146 157
146 158
146 159
146 160
146 161
146 162
146 163
255 256
255 257
255 258
255 259
255 260
255 261
255 262
255 263
255 264
255 265
255 266
255 267
255 268
255 269
255 270
255 271
255 272
309 310
309 311
309 313
309 314
309 315
309 316
309 317
309 318
319 320
319 321
319 322
319 323
319 324
319 325
319 326
319 327
319 328
319 329
319 330
331 332
331 333
331 334
331 335
331 336
331 337
331 338
331 339
331 340
331 341
342 343
342 344
342 345
342 346
342 347
342 348
342 349
342 350
342 351
342 352
342 353
342 354
342 355
342 356
342 357
342 358
342 359
342 360
342 361
362 363
362 364
362 365
362 366
362 367
362 368
362 369
362 370
362 371
362 372
362 373
362 374
362 375
394 395
394 396
394 397
394 398
394 399
394 400
423 424
423 425
423 426
423 427
423 428
423 430
423 431
423 432
423 433
423 434
423 435
423 436
423 437
423 438
423 439
423 440
423 441
468 469
468 471
484 485
484 486
484 487
484 488
484 489
484 490
484 491
500 501
500 502
500 503
500 504
500 505
500 506
500 507
500 508
553 554
553 555
553 556
553 557
553 558
553 559
553 560
553 561
553 562
553 563
553 564
553 565
553 566
577 578
577 579
577 580
577 581
577 582
577 583
577 584
577 585
577 586
577 587
588 589
588 590
588 591
588 592
588 593
588 594
588 595
588 596
588 597
588 598
679 681
679 682
679 683
679 684
679 685
679 686
679 687
679 688
724 725
724 726
724 727
724 728
724 729
724 730
724 731
724 732
724 733
734 735
734 736
734 737
734 738
734 739
734 740
734 741
734 742
734 743
734 744
734 745
734 746
747 748
747 749
747 750
747 751
747 752
747 753
747 754
747 755
747 756
747 757
747 758
747 759
767 768
767 769
767 770
767 771
767 772
767 773
767 774
837 838
837 839
837 840
837 841
837 842
837 843
837 844
837 845
837 846
837 847
837 848
837 849
837 850
837 851
837 852
837 853
837 854
863 864
863 865
863 866
863 867
863 868
863 869
863 870
863 871
872 873
872 874
872 875
872 876
872 877
872 878
895 896
895 897
895 898
895 899
895 900
895 901
895 902
895 903
895 904
895 905
915 916
915 917
915 918
915 919
915 920
915 921
915 922
948 949
948 950
948 951
948 952
948 953
948 954
948 955
978 979
978 980
978 981
978 982
978 983
978 984
978 985
986 987
986 988
986 989
986 990
986 991
986 992
986 993
986 994
986 995
986 997
986 998
986 1000
986 1001
986 1002
986 1003
986 1004
986 1005
986 1006
986 1007
986 1008
986 1009
986 1010
986 1011
986 1012
986 1013
986 1014
1036 1037
1036 1038
1036 1039
1036 1040
1036 1041
1036 1042
1036 1043
1036 1044
1036 1045
1036 1046
1036 1047
1036 1048
1036 1049
1083 1084
1085 1086
1085 1087
1085 1088
1085 1089
1085 1090
1085 1091
1085 1092
1085 1093
1085 1094
1085 1095
1085 1096
1085 1097
1085 1098
1085 1099
1085 1100
1085 1101
1085 1102
1085 1103
1085 1104
1085 1105
1085 1106
1085 1107
1085 1108
1085 1109
1085 1110
1085 1111
1112 1113
1112 1114
1112 1115
1112 1116
1112 1117
1112 1118
1112 1119
1112 1120
1112 1121
1112 1122
1123 1124
1123 1125
1123 1126
1123 1127
1123 1128
1123 1129
1123 1130
1123 1131
1123 1132
1150 1151
1150 1153
1150 1154
1150 1155
1150 1156
1150 1157
1150 1158
1159 1160
1159 1161
1159 1162
1159 1163
1159 1164
1159 1165
1159 1166
1159 1167
1159 1168
1159 1169
1159 1170
1171 1172
1171 1173
1171 1174
1171 1175
1171 1176
1171 1177
1171 1178
1171 1179
1171 1180
1171 1181
1171 1182
1171 1183
1191 1192
1191 1193
1191 1194
1191 1195
1191 1196
1191 1197
1191 1198
1191 1199
1191 1200
1191 1201
1191 1202
1191 1203
1191 1204
1325 1326
1325 1327
1325 1328
1325 1329
1325 1330
1325 1331
1325 1332
1325 1333
1325 1334
1325 1335
1325 1336
1325 1337
1325 1338
1325 1339
1325 1340
1325 1341
1325 1342
1325 1343
1325 1344
1325 1345
1325 1346
1325 1347
1325 1348
1325 1349
1325 1350
1325 1351
1325 1352
1325 1353
1325 1354
1325 1355
1325 1356
1325 1357
1325 1358
1325 1359
1325 1360
1325 1361
1325 1362
1325 1363
1325 1364
1325 1365
1325 1366
1325 1367
1325 1368
1369 1370
1369 1371
1369 1372
1369 1373
1369 1374
1369 1375
1369 1376
1369 1377
1433 1434
1433 1435
1433 1436
1433 1437
1433 1438
1433 1439
1433 1440
1433 1441
1454 1456
1454 1457
1454 1458
1454 1459
1454 1460
1454 1461
1454 1462
1497 1498
1497 1499
1497 1500
1497 1501
1497 1502
1497 1503
1497 1504
1557 1558
1557 1559
1557 1560
1557 1561
1557 1562
1557 1563
1557 1564
1557 1565
1557 1566
1567 1569
1567 1570
1567 1572
1567 1573
1567 1574
1567 1575
1567 1576
1577 1579
1577 1580
1614 1616
1614 1618
1614 1619
1614 1620
1614 1621
1614 1622
1614 1623
1614 1624
1614 1625
1614 1626
1614 1627
1614 1628
1614 1629
1614 1630
1614 1631
1658 1659
1658 1660
1658 1661
1658 1662
1658 1663
1658 1664
1658 1665
1658 1666
1658 1667
1701 1702
1701 1703
1701 1705
1701 1706
1701 1707
1701 1708
1701 1709
1701 1710
1730 1731
1730 1732
1730 1733
1730 1734
1730 1735
1730 1736
1730 1737
1730 1738
1730 1739
1730 1740
1730 1741
1730 1742
1743 1744
1743 1745
1743 1746
1743 1747
1743 1748
1743 1749
1773 1774
1773 1775
1773 1776
1773 1777
1773 1778
1773 1779
1773 1780
1773 1781
1773 1782
1985 1986
1985 1987
1985 1988
1985 1989
1985 1990
1985 1991
1985 1992
1985 1993
1985 1994
1985 1995
1996 1998
1996 1999
1996 2000
1996 2001
1996 2002
1996 2003
2120 2122
2120 2123
2120 2124
2120 2125
2120 2126
2120 2127
2120 2128
2120 2129
2120 2130
2120 2131
2120 2132
2120 2133
2120 2134
2120 2135
2120 2136
2120 2137
2120 2138
2120 2139
2167 2168
2167 2169
2167 2170
2167 2171
2167 2172
2167 2173
2167 2174
2167 2175
2167 2176
2167 2177
2167 2178
2167 2179
2167 2180
2167 2181
2167 2182
2167 2183
2167 2184
2167 2185
2167 2186
2167 2187
2167 2188
2167 2189
2167 2190
2167 2192
2167 2193
2167 2194
2167 2195
2167 2196
2167 2197
2167 2198
2167 2199
2167 2200
2201 2202
2201 2203
2201 2204
2201 2205
2201 2206
2201 2207
2201 2208
2201 2209
2201 2210
2201 2211
2201 2212
2213 2214
2213 2215
2213 2216
2213 2217
2213 2218
2213 2219
2277 2278
2277 2279
2277 2280
2277 2281
2277 2282
2277 2283
2277 2284
2277 2285
2277 2286
2277 2287
2292 2293
2292 2295
2292 2296
2292 2297
2292 2298
2328 2329
2328 2330
2328 2331
2332 2333
2332 2334
2332 2335
2332 2336
2332 2337
2332 2338
2332 2339
2332 2340
2381 2382
2381 2383
2381 2384
2381 2385
2381 2386
2381 2387
2381 2388
2381 2389
2381 2390
2381 2391
2392 2393
2392 2394
2392 2395
2392 2396
2392 2397
2392 2398
2392 2399
2392 2400
2392 2401
2392 2402
2392 2403
2392 2404
2421 2422
2421 2423
2421 2424
2421 2425
2421 2426
2421 2427
2421 2428
2437 2438
2437 2439
2437 2440
2437 2441
2437 2442
2437 2443
2437 2444
2485 2487
2485 2488
2503 2504
2503 2505
2503 2506
2503 2507
2503 2508
2503 2509
2503 2511
2503 2512
2503 2513
2514 2515
2514 2516
2514 2517
2514 2518
2514 2519
2514 2520
2514 2521
2514 2522
2514 2523
2559 2560
2559 2561
2559 2562
2559 2563
2559 2564
2559 2565
2559 2566
2559 2567
2559 2568
2559 2569
2559 2570
2559 2571
2572 2573
2572 2574
2572 2575
2572 2576
2572 2577
2572 2578
2572 2579
2572 2580
2687 2688
2687 2689
2687 2690
2687 2691
2687 2692
2687 2693
2687 2694
2687 2695
2707 2708
2707 2709
2707 2710
2707 2711
2707 2712
2707 2713
2707 2714
2707 2715
2707 2716
2707 2717
2739 2740
2739 2741
2739 2742
2739 2743
2739 2744
2739 2745
2739 2747
2739 2748
2739 2749
2768 2769
2768 2770
2768 2771
2768 2772
2768 2773
2768 2774
2807 2808
2807 2809
2807 2810
2848 2849
2848 2850
2848 2851
2848 2852
2848 2853
2848 2854
2848 2855
2848 2856
2848 2857
2848 2858
2859 2860
2859 2861
2859 2862
2859 2863
2859 2864
2859 2865
2859 2866
2859 2867
2859 2868
2859 2869
2870 2871
2870 2872
2870 2873
2870 2874
2870 2875
2870 2876
2870 2877
2870 2878
2870 2879
2870 2880
2870 2881
2870 2882
2870 2883
2870 2884
2870 2885
2870 2886
2870 2887
2870 2888
2870 2889
2870 2890
2870 2891
2870 2892
2870 2893
2870 2894
2870 2895
2870 2896
2870 2897
2898 2899
2898 2900
2898 2901
2898 2902
2898 2903
2898 2904
2905 2906
2905 2907
2905 2908
2905 2909
2905 2910
2905 2911
2905 2912
2905 2913
2914 2915
2914 2916
2914 2917
2914 2918
2914 2919
2914 2920
2914 2921
2914 2922
2914 2923
2914 2924
2914 2925
2914 2926
2914 2927
2914 2928
2914 2929
2914 2930
2914 2931
2914 2932
2914 2933
2914 2934
2914 2935
2914 2936
2914 2937
2914 2938
2914 2939
2914 2940
2957 2958
2957 2959
2957 2960
2957 2961
2957 2962
2957 2963
2957 2964
2957 2965
2957 2966
2957 2967
2957 2968
2957 2969
2987 2988
2987 2989
2987 2990
2987 2991
2987 2992
2987 2993
2987 2994
2987 2995
2987 2996
2987 2997
2987 2998
2987 2999
2987 3000
2987 3001
2987 3002
2987 3003
2987 3004
3040 3041
3040 3044
3040 3046
3047 3048
3047 3049
3047 3050
3060 3061
3060 3063
3060 3064
3060 3065
3060 3066
3060 3067
3060 3068
3060 3069
3060 3070
3071 3073
3071 3074
3084 3085
3084 3086
3084 3087
3084 3088
3084 3089
3084 3090
3084 3091
3084 3092
3093 3094
3093 3095
3093 3096
3093 3097
3093 3098
3093 3099
3093 3100
3093 3101
3093 3102
3133 3134
3133 3135
3133 3136
3133 3137
3133 3138
3133 3139
3133 3140
3161 3163
3161 3164
3161 3165
3161 3166
3161 3167
3161 3168
3161 3169
3161 3170
3161 3171
3161 3172
3161 3173
3233 3234
3233 3235
3233 3237
3233 3238
3233 3239
3233 3240
3233 3241
3233 3242
3233 3243
3233 3244
3233 3245
3253 3254
3253 3255
3253 3256
3253 3257
3253 3258
3253 3259
3253 3260
3253 3261
3253 3262
3309 3310
3309 3311
3309 3312
3309 3313
3309 3314
3309 3315
3309 3316
3309 3317
3343 3344
3343 3345
3343 3346
3343 3347
3343 3348
3343 3349
3343 3350
3343 3351
3343 3352
3405 3406
3405 3407
3405 3408
3437 3438
3437 3439
3437 3440
3437 3441
3437 3442
3437 3443
3437 3444
3437 3445
3437 3446
3510 3511
3510 3512
3510 3513
3510 3514
3510 3515
3510 3516
3510 3517
3510 3518
3510 3519
3571 3572
3571 3573
3571 3574
3571 3575
3571 3576
3571 3577
3571 3578
3571 3579
3571 3580
3571 3581
3582 3583
3582 3585
3582 3586
3582 3587
3582 3588
3582 3589
3582 3590
3582 3591
3700 3701
3700 3702
3700 3703
3745 3746
3745 3747
3745 3748
3745 3749
3745 3750
3745 3751
3745 3752
3745 3753
3745 3754
3745 3755
3756 3757
3756 3758
3756 3759
3801 3802
3801 3803
3801 3804
3801 3805
3801 3806
3801 3807
3801 3808
3801 3809
3801 3810
3811 3812
3811 3813
3811 3814
3811 3815
3811 3816
3811 3817
3811 3818
3811 3819
3811 3820
3811 3821
3822 3823
3822 3824
3822 3825
3822 3826
3822 3827
3822 3828
3822 3829
3822 3830
3861 3862
3861 3863
3861 3864
3861 3865
3861 3866
3861 3867
3861 3868
3861 3869
3861 3870
3861 3871
3861 3872
3861 3873
3861 3874
3861 3875
3861 3876
3861 3877
3861 3878
3861 3879
3861 3880
3943 3944
3943 3945
3943 3946
3943 3947
3943 3948
3943 3949
3943 3950
3943 3951
3943 3952
3943 3953
3943 3954
3955 3956
3955 3957
3955 3958
3955 3959
3955 3960
3955 3962
3955 3963
3955 3964
3992 3993
3992 3994
3992 3995
3992 3996
3992 3997
3992 3998
3992 3999
3992 4000
3992 4001
3992 4002
3992 4003
3992 4004
4089 4090
4089 4091
4089 4092
4089 4093
4089 4094
4089 4095
4089 4096
4089 4097
4089 4098
4089 4099
4089 4100
4089 4101
4089 4102
4089 4103
4089 4104
4089 4105
4089 4106
4089 4107
4089 4108
4089 4109
4089 4110
4089 4111
4089 4112
4089 4113
4089 4114
4115 4116
4115 4117
4115 4118
4115 4119
4115 4120
4115 4121
4115 4122
4115 4123
4141 4142
4141 4143
4141 4144
4141 4145
4141 4146
4141 4147
4141 4148
4141 4149
4141 4150
4256 4257
4256 4258
4256 4259
4256 4260
4256 4261
4256 4262
4256 4263
4256 4264
4357 4358
4357 4359
4357 4360
4357 4361
4357 4362
4357 4363
4357 4364
4357 4365
4382 4383
4382 4384
4382 4385
4382 4386
4382 4387
4382 4388
4382 4389
4382 4390
4382 4391
4382 4392
4393 4394
4393 4395
4393 4396
4393 4397
4393 4398
4393 4399
4393 4400
4393 4401
4393 4402
4393 4403
4393 4404
4405 4406
4405 4407
4405 4408
4405 4409
4405 4410
4405 4411
4405 4412
4405 4413
4405 4414
4405 4415
4405 4416
4405 4417
4405 4418
4427 4428
4427 4429
4427 4430
4427 4431
4427 4432
4427 4433
4427 4434
4427 4436
4427 4438
4439 4440
4439 4441
4439 4442
4439 4443
4439 4444
4439 4445
4439 4446
4439 4447
4457 4458
4457 4459
4457 4460
4457 4461
4457 4462
4457 4463
4457 4464
4457 4465
4457 4466
4467 4468
4467 4469
4467 4470
4586 4587
4586 4588
4586 4589
4586 4590
4586 4591
4586 4592
4586 4593
4586 4594
4586 4595
4586 4596
4586 4597
4586 4598
4586 4599
4586 4600
4586 4601
4586 4602
4586 4603
4586 4604
4586 4605
4586 4606
4586 4607
4586 4608
4586 4609
4638 4639
4638 4640
4638 4641
4638 4642
4638 4643
4638 4644
4638 4645
4638 4646
4638 4647
4638 4648
4638 4649
4667 4668
4667 4669
4667 4670
4726 4728
4726 4730
4726 4731
4726 4732
4726 4733
4726 4734
4726 4735
4755 4757
4755 4758
4770 4771
4770 4772
4770 4773
4770 4774
4770 4775
4770 4776
4770 4777
4770 4778
4770 4779
4770 4780
4770 4781
4770 4782
4770 4783
4889 4890
4889 4891
4889 4892
4889 4894
4889 4895
4889 4896
4889 4899
4889 4900
4889 4901
4911 4912
4911 4913
4911 4914
4911 4915
4911 4916
4911 4917
4911 4918
4911 4919
4933 4934
4933 4935
4933 4936
4933 4937
4933 4938
4933 4939
4933 4940
4941 4942
4941 4943
4941 4945
4941 4946
4941 4947
4941 4948
4941 4949
4941 4950
4941 4951
4941 4952
4997 4998
4997 4999
4997 5000
5020 5022
5020 5023
5020 5024
5020 5025
5020 5026
5020 5027
5020 5028
5130 5131
5130 5132
5130 5133
5130 5134
5130 5135
5130 5136
5130 5137
5130 5138
5130 5139
5130 5140
5130 5141
5130 5142
5130 5143
5130 5144
5130 5145
5130 5146
5130 5147
5130 5148
5130 5149
5223 5224
5223 5225
5223 5226
5223 5227
5223 5228
5223 5229
5223 5230
5223 5231
5232 5233
5232 5234
5232 5235
5232 5236
5232 5237
5232 5238
5232 5239
5232 5240
5232 5241
5232 5242
5243 5244
5243 5245
5243 5246
5243 5247
5243 5248
5243 5249
5243 5250
5243 5251
5243 5252
5243 5253
5243 5254
5264 5265
5264 5267
5264 5268
5264 5269
5264 5270
5264 5271
5264 5272
5285 5286
5285 5287
5285 5288
5285 5289
5285 5290
5285 5291
5285 5292
5285 5293
5285 5294
5309 5310
5309 5311
5309 5312
5309 5313
5309 5314
5309 5315
5309 5316
5309 5317
5309 5318
5309 5319
5309 5320
5321 5322
5321 5323
5321 5324
5321 5325
5321 5326
5321 5327
5321 5328
5321 5329
5354 5355
5354 5356
5354 5357
5354 5358
5354 5359
5354 5360
5354 5361
5362 5363
5362 5364
5362 5365
5362 5366
5362 5367
5362 5368
5362 5370
5362 5371
5362 5372
5362 5373
5362 5374
5362 5375
5376 5377
5376 5378
5376 5379
5376 5380
5376 5381
5376 5382
5376 5383
5376 5384
5376 5385
5376 5386
5376 5387
5376 5388
5401 5402
5401 5403
5401 5405
5401 5406
5401 5407
5401 5408
5401 5409
5401 5410
5401 5411
5401 5412
5401 5413
5401 5414
5401 5415
5443 5444
5443 5447
5443 5448
5443 5449
5443 5450
5443 5451
5443 5452
5475 5476
5475 5477
5475 5478
5475 5479
5475 5481
5475 5482
5475 5483
5484 5485
5484 5486
5484 5487
5484 5488
5484 5489
5484 5490
5484 5491
5484 5492
5484 5493
5502 5503
5502 5504
5502 5505
5502 5506
5502 5507
5502 5508
5502 5509
5519 5520
5519 5521
5519 5522
5519 5523
5519 5524
5519 5525
5519 5526
5519 5527
5519 5528
5519 5529
5530 5531
5530 5532
5530 5533
5530 5534
5530 5535
5530 5536
5530 5537
5530 5538
5530 5539
5530 5540
5530 5541
5530 5542
5530 5543
5530 5544
5530 5545
5530 5546
5530 5547
5530 5548
5530 5549
5530 5550
5530 5551
5530 5552
5530 5553
5530 5554
5530 5555
5530 5556
5530 5557
5530 5558
5530 5559
5530 5560
5530 5561
5530 5562
5530 5563
5530 5564
5530 5565
5530 5566
5530 5567
5530 5568
5530 5569
5530 5570
5530 5571
5530 5572
5530 5573
5530 5574
5530 5575
5530 5576
5530 5577
5530 5578
5530 5579
5530 5580
5530 5581
5530 5582
5530 5583
5530 5584
5530 5585
5530 5586
5530 5587
5530 5588
5530 5589
5530 5590
5530 5591
5592 5593
5592 5594
5592 5595
5592 5597
5592 5598
5592 5599
5592 5600
5592 5601
5592 5602
5592 5603
5604 5605
5604 5606
5604 5607
5604 5608
5604 5609
5604 5610
5619 5621
5619 5622
5619 5623
5619 5624
5619 5625
5619 5626
5641 5642
5641 5643
5641 5644
5641 5645
5641 5646
5641 5647
5641 5648
5641 5649
5641 5650
5641 5651
5641 5652
5641 5653
5658 5659
5658 5660
5658 5661
5658 5662
5658 5663
5658 5664
5658 5665
5658 5666
5658 5667
5658 5668
5658 5669
5658 5670
5658 5671
5658 5672
5721 5722
5721 5723
5721 5724
5721 5725
5721 5726
5721 5727
5721 5728
5721 5729
5721 5732
5721 5733
5721 5734
5721 5735
5721 5736
5721 5737
5721 5738
5739 5740
5739 5741
5739 5742
5739 5743
5739 5744
5739 5745
5739 5746
5739 5747
5739 5748
5739 5749
5750 5751
5750 5752
5750 5753
5762 5763
5762 5764
5762 5765
5762 5766
5762 5767
5762 5768
5762 5769
5762 5770
5762 5771
5762 5772
5762 5773
5762 5774
5762 5775
5762 5776
5762 5777
5762 5778
5762 5779
5762 5780
5762 5781
5762 5782
5762 5783
5762 5784
5762 5785
5762 5786
5762 5787
5762 5788
5762 5789
5762 5790
5762 5791
5762 5792
5762 5793
5812 5813
5812 5815
5812 5816
5812 5817
5812 5818
5812 5819
5812 5820
5812 5821
4405 1777
588 2387
5443 1782
2859 2298
1191 269
1985 1573
4997 469
